1	1	1975	1	5.21	-0.72	0
2	1	1975	2	1.18	-2.79	0
3	1	1975	3	1.96	-4.5	0
4	1	1975	4	3.78	-10.5	0
5	1	1975	5	-8.42	-17.25	0
6	1	1975	6	-2.23	-16.64	0
7	1	1975	7	2.82	-2.91	0.3
8	1	1975	8	-2.26	-16.72	0
9	1	1975	9	-5.6	-12.51	0
10	1	1975	10	-2.87	-13.29	0
11	1	1975	11	-4.66	-14.12	0
12	1	1975	12	-6.89	-18.45	0
13	1	1975	13	-5.29	-18.38	0
14	1	1975	14	0.9	-7.56	0
15	1	1975	15	3.47	-6.63	0
16	1	1975	16	0.04	-7.6	0
17	1	1975	17	-4.08	-8.96	0
18	1	1975	18	-2.55	-8.59	0
19	1	1975	19	5.04	-7.64	0
20	1	1975	20	7.54	-3.37	0
21	1	1975	21	6.94	0.49	0.67
22	1	1975	22	4.11	-0.2	0
23	1	1975	23	2.57	-0.63	0
24	1	1975	24	5.49	-4.8	0
25	1	1975	25	8.95	-4.51	0
26	1	1975	26	16.58	-0.44	0
27	1	1975	27	14.65	0.36	0
28	1	1975	28	8.72	-4.2	0
29	1	1975	29	7.44	-3.3	0
30	1	1975	30	0.31	-4.31	0
31	1	1975	31	1.18	-11.87	0
1	2	1975	32	6.22	-10.35	0.6
2	2	1975	33	5.63	-5.89	4.06
3	2	1975	34	-5.18	-14.87	0
4	2	1975	35	-6.62	-15.22	0
5	2	1975	36	-4.09	-15.21	0
6	2	1975	37	0.06	-14.85	0
7	2	1975	38	4.28	-4.97	0
8	2	1975	39	8.73	-4.04	0.21
9	2	1975	40	-0.46	-11.25	0
10	2	1975	41	4.6	-10.35	0.07
11	2	1975	42	12.06	-7	1.17
12	2	1975	43	-6.36	-20.63	0.15
13	2	1975	44	-7.13	-20.3	0
14	2	1975	45	3.5	-11.28	0
15	2	1975	46	10.03	-7.09	0
16	2	1975	47	15.9	-2.16	0.05
17	2	1975	48	10.73	7.09	1.54
18	2	1975	49	14.39	6.94	0.83
19	2	1975	50	16.74	8.68	1.19
20	2	1975	51	14.86	3.78	0.44
21	2	1975	52	16.19	-0.38	0
22	2	1975	53	14.3	1.5	0
23	2	1975	54	18.49	3.49	0.29
24	2	1975	55	9.17	2.39	0.06
25	2	1975	56	8.48	-1.11	0
26	2	1975	57	16.41	-1.16	0
27	2	1975	58	11.85	-2.36	0
28	2	1975	59	19.16	-2.05	0
1	3	1975	60	14.19	2.88	1.03
2	3	1975	61	5.55	0.77	0
3	3	1975	62	7.79	-4.84	0
4	3	1975	63	7.69	-4.06	0.06
5	3	1975	64	6.33	1.34	2.98
6	3	1975	65	5.16	-1.47	0
7	3	1975	66	6.33	-4.86	0
8	3	1975	67	5.83	-5.57	0
9	3	1975	68	5.3	-3.44	0
10	3	1975	69	6.98	-2.23	0
11	3	1975	70	11.46	-2.19	0
12	3	1975	71	8.6	-3.76	0
13	3	1975	72	13.17	-2.49	0
14	3	1975	73	15.05	-3.92	0
15	3	1975	74	9.59	-3.9	0
16	3	1975	75	17.24	-0.83	0.73
17	3	1975	76	5.03	-3.33	0.12
18	3	1975	77	14.69	-1.21	0
19	3	1975	78	3.41	-4.26	0
20	3	1975	79	0.47	-5.22	0.01
21	3	1975	80	4.3	-3.8	0
22	3	1975	81	11.71	-1.37	0
23	3	1975	82	5.69	1.01	0.56
24	3	1975	83	13.12	-1.79	0
25	3	1975	84	15.11	-0.64	0
26	3	1975	85	15.15	1.59	0
27	3	1975	86	18.92	5.15	0
28	3	1975	87	18.52	3.37	0
29	3	1975	88	24.26	5.58	0
30	3	1975	89	23.34	11.21	0.9
31	3	1975	90	20.71	7.21	0
1	4	1975	91	27.77	10.49	0
2	4	1975	92	21.24	4.18	0
3	4	1975	93	23.27	7.17	0
4	4	1975	94	26.11	12.31	0.06
5	4	1975	95	23.24	7.87	3.21
6	4	1975	96	11.79	0.95	0
7	4	1975	97	12.55	1.66	0
8	4	1975	98	20.99	5.14	0
9	4	1975	99	22.84	12.98	0.48
10	4	1975	100	22.21	10.78	0.03
11	4	1975	101	23.52	10.68	1.09
12	4	1975	102	26.39	15.9	0
13	4	1975	103	24.92	14.82	0
14	4	1975	104	27.17	17.59	0
15	4	1975	105	22.27	2.43	0.04
16	4	1975	106	16.26	3.74	0
17	4	1975	107	20.43	7.48	1.36
18	4	1975	108	24.15	15.76	0.21
19	4	1975	109	24.2	10.15	0
20	4	1975	110	17.62	8.45	1.17
21	4	1975	111	13.2	-0.33	0
22	4	1975	112	17.3	2.11	0
23	4	1975	113	21.18	13.64	0.82
24	4	1975	114	19.22	8.78	0.09
25	4	1975	115	10.63	3.75	0
26	4	1975	116	17.22	6.1	0.04
27	4	1975	117	26.64	11.74	0
28	4	1975	118	28.46	14.67	0
29	4	1975	119	28.16	15.86	1.18
30	4	1975	120	22.07	11.36	0.94
1	5	1975	121	22.1	8.64	0
2	5	1975	122	17.85	3.93	0
3	5	1975	123	17.83	4.69	0
4	5	1975	124	21.79	6.55	0
5	5	1975	125	25.57	12.81	0
6	5	1975	126	25	13.86	0.12
7	5	1975	127	17.05	3.53	0.44
8	5	1975	128	17.52	4.37	0
9	5	1975	129	23.47	8.73	0
10	5	1975	130	23.76	14.94	0
11	5	1975	131	22.81	10.68	1.02
12	5	1975	132	11.47	6.29	0.28
13	5	1975	133	14.41	6.39	0
14	5	1975	134	21.51	8.73	0
15	5	1975	135	20.18	8.96	1.52
16	5	1975	136	13.27	5.46	0.02
17	5	1975	137	20.82	8.72	0
18	5	1975	138	23.3	13	0
19	5	1975	139	14.68	8.47	3.1
20	5	1975	140	10.92	7.39	1.35
21	5	1975	141	19.82	5.48	0
22	5	1975	142	23.52	7.91	0
23	5	1975	143	25.95	10.28	0
24	5	1975	144	27.66	14.38	0
25	5	1975	145	27.69	16.68	0
26	5	1975	146	27.19	17.53	0
27	5	1975	147	26.56	17.25	2.33
28	5	1975	148	23.33	14.91	3.18
29	5	1975	149	23	11.28	0
30	5	1975	150	26.87	16.43	0
31	5	1975	151	27.28	18.02	1.03
1	6	1975	152	22.44	15.93	0.2
2	6	1975	153	21.42	16.18	1.03
3	6	1975	154	28.1	19.5	0.04
4	6	1975	155	27.01	20.24	1.16
5	6	1975	156	27.17	19.68	0.88
6	6	1975	157	28.98	19.74	0.21
7	6	1975	158	23.91	15.5	1.43
8	6	1975	159	27.29	14.32	0
9	6	1975	160	29.55	18.81	0
10	6	1975	161	29.9	21.06	0.37
11	6	1975	162	25.91	14.36	0.02
12	6	1975	163	27.94	17.36	0
13	6	1975	164	29.7	20.5	0.55
14	6	1975	165	30.68	21.22	0.06
15	6	1975	166	31.8	21.26	0
16	6	1975	167	31.8	21	0
17	6	1975	168	30	14.49	0.06
18	6	1975	169	25.23	12.41	0
19	6	1975	170	27.82	14.15	0
20	6	1975	171	26.95	16.03	0.48
21	6	1975	172	26.98	18.5	0
22	6	1975	173	29.64	20.98	0.1
23	6	1975	174	30	15.14	0
24	6	1975	175	28.73	16.05	0
25	6	1975	176	31.53	18.16	0
26	6	1975	177	31.51	13.78	0
27	6	1975	178	27.84	13.47	0
28	6	1975	179	27.29	14.73	0
29	6	1975	180	30.17	18.51	0
30	6	1975	181	31.17	18.34	0
1	7	1975	182	31.15	18.07	0.93
2	7	1975	183	27.6	17.1	0
3	7	1975	184	24.71	18.18	2.51
4	7	1975	185	25.47	17.76	0.6
5	7	1975	186	26.89	20.16	1.18
6	7	1975	187	25.08	20.84	1.33
7	7	1975	188	26.66	20.92	0.51
8	7	1975	189	30.4	20.98	0
9	7	1975	190	32.19	21.57	0
10	7	1975	191	32.83	22.45	0
11	7	1975	192	31.25	19.9	0.24
12	7	1975	193	31.16	17.79	0
13	7	1975	194	31.96	20.92	0
14	7	1975	195	32.92	22.73	0
15	7	1975	196	30.67	19.25	0
16	7	1975	197	28.89	20.42	0.41
17	7	1975	198	28.84	19.94	0
18	7	1975	199	29.84	18.17	0
19	7	1975	200	30.91	20.84	0
20	7	1975	201	31.14	22.17	0.68
21	7	1975	202	31.1	18.89	0.21
22	7	1975	203	28.02	17.25	0.11
23	7	1975	204	27.3	16.38	0
24	7	1975	205	27	17.14	0
25	7	1975	206	30.29	19.49	0
26	7	1975	207	30.93	21.32	0
27	7	1975	208	32.45	22.39	0.25
28	7	1975	209	31.98	21.24	0.78
29	7	1975	210	29.22	15.76	0.84
30	7	1975	211	21.62	12.87	0
31	7	1975	212	25.53	14.46	0
1	8	1975	213	28.97	16.89	0
2	8	1975	214	29.54	17.58	0
3	8	1975	215	29.92	19.17	0
4	8	1975	216	30.08	20.46	0
5	8	1975	217	32.51	21.74	0
6	8	1975	218	33.15	20.62	1.94
7	8	1975	219	29.67	19.2	0
8	8	1975	220	24.12	17.72	1.67
9	8	1975	221	27.33	16.31	0
10	8	1975	222	28.05	17.54	0
11	8	1975	223	29.81	18.77	0
12	8	1975	224	27.99	14.08	0
13	8	1975	225	27.14	14.57	0
14	8	1975	226	27.76	15.79	0
15	8	1975	227	28.91	18.83	0
16	8	1975	228	29.02	19.89	0.58
17	8	1975	229	27.93	15.08	0
18	8	1975	230	24.83	13.33	0
19	8	1975	231	26.9	14.57	0.24
20	8	1975	232	26.54	13.97	0.12
21	8	1975	233	26.64	15.75	0
22	8	1975	234	23.36	14.72	0
23	8	1975	235	28.05	14.65	0
24	8	1975	236	28.77	16.27	0
25	8	1975	237	29.62	16	0
26	8	1975	238	29.29	14.8	0
27	8	1975	239	29.79	17.83	0
28	8	1975	240	29.71	19.13	1.26
29	8	1975	241	29.43	18.97	0
30	8	1975	242	26.83	18.11	0.02
31	8	1975	243	29.59	19.08	0
1	9	1975	244	31.25	20.26	0.05
2	9	1975	245	28.57	19.55	0.46
3	9	1975	246	25.61	20.69	2.25
4	9	1975	247	25.76	19.77	0.99
5	9	1975	248	27	16.19	0
6	9	1975	249	27.79	16.07	0
7	9	1975	250	26.72	15.1	0
8	9	1975	251	27.57	16.42	0.45
9	9	1975	252	24.77	9.72	0
10	9	1975	253	24.54	10.77	0
11	9	1975	254	26.78	12.33	0
12	9	1975	255	27.8	14.52	0
13	9	1975	256	29.39	15.67	0
14	9	1975	257	29.62	17	0
15	9	1975	258	29.6	18.32	0.72
16	9	1975	259	21.55	11.52	0.43
17	9	1975	260	20.73	6.83	0
18	9	1975	261	17.04	6.16	0
19	9	1975	262	14.66	7.28	0.05
20	9	1975	263	19.99	9.15	0
21	9	1975	264	24.79	10.18	0
22	9	1975	265	24.53	11.91	0
23	9	1975	266	22.85	5.34	0
24	9	1975	267	20.18	3.91	0
25	9	1975	268	22.3	6.71	0
26	9	1975	269	26.48	10.86	0
27	9	1975	270	28.39	15.92	0
28	9	1975	271	26.09	7.83	0
29	9	1975	272	21.71	5.16	0
30	9	1975	273	21.89	7.74	0
1	10	1975	274	29	13.94	0
2	10	1975	275	25.93	4.6	0.13
3	10	1975	276	14.41	0.16	0
4	10	1975	277	16.97	1.58	0
5	10	1975	278	24.2	7.41	0.04
6	10	1975	279	25.26	14.9	0.42
7	10	1975	280	23.08	4.78	0
8	10	1975	281	17.34	2.73	0
9	10	1975	282	17.49	3.4	0
10	10	1975	283	20.12	6.14	0
11	10	1975	284	19.99	12.87	0
12	10	1975	285	22.01	8.94	0
13	10	1975	286	22.12	8.67	0
14	10	1975	287	22.75	6.48	0
15	10	1975	288	22.18	8.39	0
16	10	1975	289	18.12	13.88	0
17	10	1975	290	21.17	7.67	0
18	10	1975	291	23.8	10.18	1.21
19	10	1975	292	15.13	2.85	0.7
20	10	1975	293	12.21	0.55	0
21	10	1975	294	19.21	1.89	0
22	10	1975	295	21.06	7.94	0
23	10	1975	296	18.27	5.3	1.65
24	10	1975	297	10.82	-4.99	0
25	10	1975	298	9.01	-4.06	0
26	10	1975	299	15.8	2.67	0.31
27	10	1975	300	17.81	11.32	1.19
28	10	1975	301	11.78	4.66	1.27
29	10	1975	302	17.18	4.04	0
30	10	1975	303	21.24	6.65	0
31	10	1975	304	23.38	9.05	0
1	11	1975	305	23.07	9.3	0
2	11	1975	306	21.78	10.29	0
3	11	1975	307	22.24	9.48	0
4	11	1975	308	24.07	10.01	0
5	11	1975	309	23.66	11.81	0.21
6	11	1975	310	17.85	6.34	0.05
7	11	1975	311	10.15	-1.38	0
8	11	1975	312	12.77	-1.22	0
9	11	1975	313	18.81	1.63	0
10	11	1975	314	12.33	2.61	0
11	11	1975	315	7.91	1.07	0
12	11	1975	316	12.27	-0.4	0
13	11	1975	317	12.88	-1.88	0
14	11	1975	318	15.31	-1.57	0
15	11	1975	319	17.04	-1	0
16	11	1975	320	17.24	-0.74	0
17	11	1975	321	12.76	4.42	0
18	11	1975	322	13.51	1.34	0
19	11	1975	323	14.77	1.41	0
20	11	1975	324	20.21	3.47	1.34
21	11	1975	325	3.79	-1.46	0
22	11	1975	326	0.16	-2.57	0
23	11	1975	327	4.95	-5.54	0
24	11	1975	328	9.51	-4.18	0.68
25	11	1975	329	6.88	-0.63	0
26	11	1975	330	10.77	-0.36	0
27	11	1975	331	18.91	5.99	1.31
28	11	1975	332	9.09	-2.22	0
29	11	1975	333	5.34	-1.91	0
30	11	1975	334	7.4	-3.06	0
1	12	1975	335	11.04	-1.67	1.81
2	12	1975	336	16.74	4.67	0
3	12	1975	337	5.64	0.69	0
4	12	1975	338	9.18	1.32	0.11
5	12	1975	339	4.6	-2.43	0
6	12	1975	340	3.11	-7.07	0
7	12	1975	341	6.82	-6.41	0
8	12	1975	342	14.21	2.76	0
9	12	1975	343	4.77	-2.58	0
10	12	1975	344	1.12	-4.29	0
11	12	1975	345	-0.67	-6.28	0.06
12	12	1975	346	2.37	-9.24	0
13	12	1975	347	2.76	-8.89	0
14	12	1975	348	6.76	-7.19	0.25
15	12	1975	349	2.22	-0.93	0.17
16	12	1975	350	1.2	-8.48	0
17	12	1975	351	2.16	-8.61	1.15
18	12	1975	352	4.65	-9.51	0.22
19	12	1975	353	-6.18	-14.41	0
20	12	1975	354	-5.73	-15.81	0.1
21	12	1975	355	-1.74	-15.81	0
22	12	1975	356	3.92	-3.83	2.53
23	12	1975	357	14.1	1.59	1.64
24	12	1975	358	3.08	-4.43	0.18
25	12	1975	359	1.04	-5.11	0
26	12	1975	360	6.59	-5.35	0
27	12	1975	361	8.72	-0.91	0.07
28	12	1975	362	7.34	-0.97	0
29	12	1975	363	7.72	-1.16	0.27
30	12	1975	364	1.57	-8.09	0
31	12	1975	365	5.42	-8	0
1	1	1976	1	6.81	-0.29	0.3
2	1	1976	2	1.07	-4.7	0
3	1	1976	3	9.42	-2.57	1.02
4	1	1976	4	15.29	7.94	0.99
5	1	1976	5	10.67	-5.9	0.04
6	1	1976	6	9.03	-5.9	0
7	1	1976	7	13	0.5	0.49
8	1	1976	8	0.88	-11.53	0
9	1	1976	9	-1.37	-12.06	0
10	1	1976	10	-3.27	-22.89	0.1
11	1	1976	11	-17.77	-23.74	0
12	1	1976	12	-11.55	-18.64	0
13	1	1976	13	-5.01	-12.08	0.54
14	1	1976	14	-3.33	-9.58	0.03
15	1	1976	15	-5.84	-10.28	0
16	1	1976	16	2.01	-8.88	0.08
17	1	1976	17	-4.18	-25.57	0
18	1	1976	18	-11.55	-25.24	0.28
19	1	1976	19	1.65	-10.81	0.05
20	1	1976	20	5.31	0.27	0
21	1	1976	21	4.32	0.63	0.74
22	1	1976	22	4.65	0.16	0
23	1	1976	23	12.14	0.4	2.87
24	1	1976	24	11.14	-7.15	0
25	1	1976	25	-2.22	-8.33	0.05
26	1	1976	26	0.79	-15.08	0
27	1	1976	27	-3.83	-15.69	0
28	1	1976	28	7.02	-10.4	0
29	1	1976	29	9.49	-6.85	0
30	1	1976	30	11.09	-6.1	0.11
31	1	1976	31	14.93	5.88	1.33
1	2	1976	32	14.07	-4.78	1.63
2	2	1976	33	0.54	-4.91	0
3	2	1976	34	4.94	-3.03	0.31
4	2	1976	35	6.41	-2.7	0.45
5	2	1976	36	-0.76	-2.94	0
6	2	1976	37	6.89	-8.57	0.37
7	2	1976	38	-4.49	-14.42	0
8	2	1976	39	1.6	-14.15	0
9	2	1976	40	4.88	-4.93	2.13
10	2	1976	41	0.31	-16.35	0
11	2	1976	42	-6.62	-16.31	0
12	2	1976	43	1.79	-7.56	0.39
13	2	1976	44	-0.02	-5.01	0.14
14	2	1976	45	-1.1	-8.17	0
15	2	1976	46	9.94	-4.47	0
16	2	1976	47	11.85	5.29	0.1
17	2	1976	48	13.07	7.75	1.78
18	2	1976	49	7.93	3.44	0.06
19	2	1976	50	8.42	0.98	0.02
20	2	1976	51	3.68	0.62	0
21	2	1976	52	16.66	0.94	0.05
22	2	1976	53	7.8	-0.22	0
23	2	1976	54	7.55	-0.64	0
24	2	1976	55	21.56	1.6	0
25	2	1976	56	16.48	-2.66	0
26	2	1976	57	2.11	-6.5	0
27	2	1976	58	4.95	-6.29	0
28	2	1976	59	7.91	-1.61	0
29	2	1976	60	13.84	-0.56	0
1	3	1976	61	15.35	1.12	0
2	3	1976	62	17.87	-0.61	0.34
3	3	1976	63	4.71	-0.97	0.36
4	3	1976	64	16.69	-1.36	0.37
5	3	1976	65	1.22	-1.43	0
6	3	1976	66	1.47	-2.02	0.45
7	3	1976	67	1.59	-6.49	0
8	3	1976	68	7.33	-6.57	0
9	3	1976	69	8.41	-1.09	0
10	3	1976	70	12.67	5.53	0
11	3	1976	71	16.69	4.19	1.63
12	3	1976	72	21.92	6.51	0.69
13	3	1976	73	15.92	1.7	1.25
14	3	1976	74	14.12	3.18	0.65
15	3	1976	75	14.74	5.39	0.07
16	3	1976	76	25.46	9.86	0.33
17	3	1976	77	21.21	4.7	0.23
18	3	1976	78	25.59	6.52	0.14
19	3	1976	79	16.94	9.97	0.11
20	3	1976	80	23.53	10.46	0.73
21	3	1976	81	17.79	-1.19	0
22	3	1976	82	8.74	-2.53	0
23	3	1976	83	12.76	-0.94	0
24	3	1976	84	20.18	4.28	0
25	3	1976	85	15.36	-2.1	0.28
26	3	1976	86	4.17	-4.89	0
27	3	1976	87	3.49	-7.32	0
28	3	1976	88	10	-4.67	0
29	3	1976	89	18.05	1.13	0
30	3	1976	90	22.38	11.02	1.72
31	3	1976	91	20.87	2.65	0.02
1	4	1976	92	21.01	4.68	2.05
2	4	1976	93	22.01	9.56	0.76
3	4	1976	94	14.52	2.65	0.01
4	4	1976	95	11.96	1.22	0
5	4	1976	96	11.62	-4.24	0.12
6	4	1976	97	2.11	-7.69	0.12
7	4	1976	98	4.51	-5.2	0.16
8	4	1976	99	5.07	-0.91	0.78
9	4	1976	100	3.13	0.05	0
10	4	1976	101	11.26	-0.2	0
11	4	1976	102	13.67	2.88	0
12	4	1976	103	22.84	7.62	0
13	4	1976	104	23.34	3.72	0
14	4	1976	105	18.98	3.62	0
15	4	1976	106	26.9	9.35	0
16	4	1976	107	24.28	14.48	2.1
17	4	1976	108	18.85	3.38	0.09
18	4	1976	109	18.09	6.39	0
19	4	1976	110	18.89	10.65	0
20	4	1976	111	15.91	1.31	0.07
21	4	1976	112	13.26	2.53	0
22	4	1976	113	14.93	-1.01	0
23	4	1976	114	17.97	3.02	0
24	4	1976	115	21.39	7.74	0
25	4	1976	116	18.68	11.21	0
26	4	1976	117	19.61	11.91	0
27	4	1976	118	14.99	1.95	0
28	4	1976	119	16.64	3.94	0
29	4	1976	120	18.66	7.57	0
30	4	1976	121	22.25	10.6	0
1	5	1976	122	22.55	9.42	0
2	5	1976	123	23.56	6.59	0
3	5	1976	124	24.35	7.95	0
4	5	1976	125	26.45	10.87	0
5	5	1976	126	28.64	12.57	0
6	5	1976	127	28.38	15.4	0
7	5	1976	128	23.1	10.08	1.38
8	5	1976	129	22.24	8.89	0
9	5	1976	130	25.62	10.32	0
10	5	1976	131	25.68	10.02	0
11	5	1976	132	28.62	10.66	0
12	5	1976	133	30.24	13.62	0
13	5	1976	134	30.98	16.9	0
14	5	1976	135	30.96	16.73	0.03
15	5	1976	136	29.9	15.34	0
16	5	1976	137	30.06	14.4	0
17	5	1976	138	30.53	15.33	0
18	5	1976	139	28.79	15.8	0.68
19	5	1976	140	28.24	16.57	0.06
20	5	1976	141	26.15	16.15	1.65
21	5	1976	142	27.82	15.86	2.01
22	5	1976	143	27.22	15.83	0.3
23	5	1976	144	25.58	15.09	0
24	5	1976	145	25.84	14.58	0
25	5	1976	146	26.99	17.84	0.06
26	5	1976	147	26.75	17.81	0.26
27	5	1976	148	28.19	17.8	0.59
28	5	1976	149	27.17	18.66	1.02
29	5	1976	150	29.8	18.94	1.56
30	5	1976	151	29.01	18.49	0
31	5	1976	152	28.9	18.1	2.2
1	6	1976	153	20.72	10.78	0
2	6	1976	154	23.71	13.04	0
3	6	1976	155	25.64	13.88	0
4	6	1976	156	21.55	13.4	1.08
5	6	1976	157	22.37	10.53	0
6	6	1976	158	24.98	12.31	0
7	6	1976	159	26.49	15.93	2.07
8	6	1976	160	27.79	16.08	0.5
9	6	1976	161	30.52	18.83	1.63
10	6	1976	162	25.48	10.97	0.62
11	6	1976	163	24.9	14.44	0
12	6	1976	164	23.33	15.21	0
13	6	1976	165	26.01	11.63	0
14	6	1976	166	26.27	13.74	0.17
15	6	1976	167	29.13	17.3	1.59
16	6	1976	168	22.81	15.14	0.55
17	6	1976	169	24.03	12.43	0
18	6	1976	170	26.79	12.69	0
19	6	1976	171	23.6	9.6	0
20	6	1976	172	24.05	13.84	0
21	6	1976	173	26.72	13.47	0
22	6	1976	174	26.49	11.82	0
23	6	1976	175	24.89	11.33	0
24	6	1976	176	25.77	12.31	0
25	6	1976	177	29.46	17.1	0
26	6	1976	178	30.15	17.5	0
27	6	1976	179	28.69	19.18	0.38
28	6	1976	180	27.01	20.16	0.41
29	6	1976	181	28.56	18.9	0.01
30	6	1976	182	26.86	12.63	0
1	7	1976	183	25.58	13.94	0
2	7	1976	184	29.18	18.65	0
3	7	1976	185	28.57	20.25	0
4	7	1976	186	31.52	19.25	0
5	7	1976	187	32.53	20.61	0
6	7	1976	188	32.8	22.13	0
7	7	1976	189	31.68	20.8	0.15
8	7	1976	190	29.76	19.75	0.34
9	7	1976	191	30.19	20.17	0
10	7	1976	192	29.75	19.08	0.48
11	7	1976	193	29.26	17.44	0
12	7	1976	194	28.24	15.93	0
13	7	1976	195	29.04	16.83	0
14	7	1976	196	30.11	18.34	0
15	7	1976	197	31.48	19.47	0
16	7	1976	198	32.35	20.75	1.63
17	7	1976	199	31.94	21.33	0
18	7	1976	200	30.76	21.39	1.26
19	7	1976	201	31.39	20.47	1.75
20	7	1976	202	30.75	19.79	0.13
21	7	1976	203	31.04	20.26	0
22	7	1976	204	29.34	20.5	0.66
23	7	1976	205	28.95	19.48	0
24	7	1976	206	30.87	19.28	0
25	7	1976	207	32.12	20.52	0
26	7	1976	208	32.44	21.78	0
27	7	1976	209	32.61	21.55	0
28	7	1976	210	28.76	18.81	0.11
29	7	1976	211	28.14	17.92	0
30	7	1976	212	28.08	20.01	0
31	7	1976	213	28.21	15.59	0
1	8	1976	214	28.92	16.54	0
2	8	1976	215	30.27	17.89	0
3	8	1976	216	32.71	20.49	0
4	8	1976	217	34.02	21.6	0.33
5	8	1976	218	30.53	21.47	0.13
6	8	1976	219	30.08	21.11	0.13
7	8	1976	220	31.08	21.35	0
8	8	1976	221	28.81	20.88	1.26
9	8	1976	222	29.13	14.78	0
10	8	1976	223	27.52	15.68	0
11	8	1976	224	20.82	12.64	0.08
12	8	1976	225	24.59	10.69	0
13	8	1976	226	26.3	11.57	0
14	8	1976	227	28.18	13.88	0
15	8	1976	228	31.17	18.23	0
16	8	1976	229	26.53	18.02	0.03
17	8	1976	230	30.69	16.04	0
18	8	1976	231	27.73	12.34	0
19	8	1976	232	29.8	14.17	0
20	8	1976	233	30.43	15.51	0.02
21	8	1976	234	26.93	11.31	0
22	8	1976	235	27.61	14.01	0
23	8	1976	236	26.36	17.8	0.03
24	8	1976	237	29.24	19.35	0.02
25	8	1976	238	26.77	12.52	0
26	8	1976	239	28.05	16.56	2.45
27	8	1976	240	25.49	16.1	0.45
28	8	1976	241	25.45	11.94	0
29	8	1976	242	26.52	13.47	0
30	8	1976	243	23.87	19.7	6.65
31	8	1976	244	28.67	21.3	2.54
1	9	1976	245	24.24	19.44	0.53
2	9	1976	246	27.05	13.81	0.16
3	9	1976	247	24.26	10.69	0
4	9	1976	248	24.24	9.71	0
5	9	1976	249	26.62	11.17	0
6	9	1976	250	26.8	13.31	0
7	9	1976	251	26.8	14.7	0
8	9	1976	252	25.89	14.95	0
9	9	1976	253	26.53	15.68	0
10	9	1976	254	28.06	16.54	0
11	9	1976	255	29.21	18.75	0
12	9	1976	256	28.79	20.22	0.02
13	9	1976	257	23.96	19.76	0.88
14	9	1976	258	29.72	18.25	0
15	9	1976	259	28.74	18	0
16	9	1976	260	24.45	11.2	0
17	9	1976	261	25.98	13.7	0
18	9	1976	262	23.15	8.33	0.14
19	9	1976	263	22.98	8.7	0
20	9	1976	264	22.02	8.12	0
21	9	1976	265	16.92	5.89	0
22	9	1976	266	15.5	4.28	0.07
23	9	1976	267	20.6	6.32	0
24	9	1976	268	17.62	10.33	0.24
25	9	1976	269	17.9	11.43	0.18
26	9	1976	270	18.87	11.65	0.18
27	9	1976	271	20.24	8	0
28	9	1976	272	23.27	10.72	0
29	9	1976	273	25.76	9.45	0
30	9	1976	274	26.09	10.76	0
1	10	1976	275	27.11	12.88	0
2	10	1976	276	28.33	14.28	0
3	10	1976	277	26.64	14.35	0
4	10	1976	278	27.34	13.93	0
5	10	1976	279	28.3	15.5	0
6	10	1976	280	29.69	17.15	0
7	10	1976	281	24.3	18.23	0
8	10	1976	282	24.73	18.72	0.63
9	10	1976	283	25.14	19.11	2.71
10	10	1976	284	26.34	9.12	0
11	10	1976	285	21.48	6.39	0
12	10	1976	286	15.44	7.68	0.16
13	10	1976	287	18.69	6.38	0
14	10	1976	288	15.06	6.76	0
15	10	1976	289	21.9	4.06	0
16	10	1976	290	14.56	0.7	0
17	10	1976	291	14.28	1.35	0
18	10	1976	292	21.17	5.43	0
19	10	1976	293	21.91	8.58	0
20	10	1976	294	17.29	5.13	0.45
21	10	1976	295	11.96	-1.26	0
22	10	1976	296	11.62	-1.55	0
23	10	1976	297	13.08	-1.08	0
24	10	1976	298	14.21	-0.74	0
25	10	1976	299	14.65	-1.5	0
26	10	1976	300	17.51	-0.49	0
27	10	1976	301	20.44	2.94	0
28	10	1976	302	22.27	5.1	0
29	10	1976	303	18.32	8.54	0.02
30	10	1976	304	19.86	11.42	0.05
31	10	1976	305	24.97	14.08	0
1	11	1976	306	25.9	14.15	0
2	11	1976	307	26.09	13.74	0.21
3	11	1976	308	15.05	2.19	0.55
4	11	1976	309	6.69	-3.86	0
5	11	1976	310	3.11	-4.44	0
6	11	1976	311	9.29	-3.79	0
7	11	1976	312	15.99	0.46	0
8	11	1976	313	18.7	3.93	0
9	11	1976	314	20.1	4.82	0
10	11	1976	315	22.18	6.22	0
11	11	1976	316	19.32	14.35	0
12	11	1976	317	18.58	-2.99	1.79
13	11	1976	318	1.01	-4.6	0
14	11	1976	319	6.82	-4.18	0
15	11	1976	320	4.59	-5.87	0
16	11	1976	321	12.19	-3.84	0.06
17	11	1976	322	10.68	5.46	0
18	11	1976	323	13.08	9.19	0.26
19	11	1976	324	17.67	11.75	0.32
20	11	1976	325	17.62	13.65	1.27
21	11	1976	326	17.91	14.02	0.08
22	11	1976	327	17.55	12.77	0.2
23	11	1976	328	18.6	1.51	0.12
24	11	1976	329	3.08	-7.15	0
25	11	1976	330	5.57	-5.95	0.52
26	11	1976	331	9.88	1.55	1.96
27	11	1976	332	8.09	1.66	0.39
28	11	1976	333	16.9	5.78	0.19
29	11	1976	334	11.53	5.29	0
30	11	1976	335	19.18	7	1.51
1	12	1976	336	19.85	14.34	0.24
2	12	1976	337	24.36	15.16	0
3	12	1976	338	24.25	13.68	0
4	12	1976	339	22.83	14.29	0
5	12	1976	340	18.16	7.93	0.16
6	12	1976	341	8.02	-2.82	0
7	12	1976	342	11.06	-1.76	0
8	12	1976	343	14.49	-0.16	0
9	12	1976	344	2.47	-6.07	0
10	12	1976	345	4.82	-1.69	0.04
11	12	1976	346	3.27	-7.15	0
12	12	1976	347	-0.03	-10.06	0
13	12	1976	348	3.41	-9.13	0
14	12	1976	349	10.52	-0.99	0.68
15	12	1976	350	9.68	1.12	3.85
16	12	1976	351	1.94	0.19	0
17	12	1976	352	2.08	-4.26	0
18	12	1976	353	8.16	-4.23	0.08
19	12	1976	354	8.51	0.76	0.06
20	12	1976	355	6.2	-0.48	0
21	12	1976	356	3.69	-3.8	0
22	12	1976	357	11.74	-1.86	1.1
23	12	1976	358	15.25	7.95	0.83
24	12	1976	359	19.83	11.06	1.34
25	12	1976	360	21.04	10.23	0.7
26	12	1976	361	13.53	9.19	0.27
27	12	1976	362	18.91	13.94	0.1
28	12	1976	363	16.75	-0.08	0
29	12	1976	364	1.07	-5.96	0
30	12	1976	365	2.59	-6.23	0
31	12	1976	366	5.72	-5.49	0
1	1	1977	1	5.76	-5.27	0
2	1	1977	2	6.55	-4.07	0
3	1	1977	3	3.62	-6.76	0
4	1	1977	4	7.38	-5.97	0
5	1	1977	5	9.13	-2.42	0
6	1	1977	6	10.41	0.95	0
7	1	1977	7	8.14	-3.42	0
8	1	1977	8	2.86	-2.51	0.09
9	1	1977	9	8.24	2.93	0.19
10	1	1977	10	10.87	3.31	0.11
11	1	1977	11	6.03	-1.71	0
12	1	1977	12	1.45	-5.74	0
13	1	1977	13	6.49	-5.79	0
14	1	1977	14	12.03	-1.69	0
15	1	1977	15	0.68	-8.99	0
16	1	1977	16	0.33	-8.45	0
17	1	1977	17	-1.32	-11.41	0
18	1	1977	18	-3.03	-13.13	0
19	1	1977	19	-3.05	-12.55	0
20	1	1977	20	-0.34	-8.28	0.15
21	1	1977	21	3.33	-0.64	1.99
22	1	1977	22	6.37	2.25	0.39
23	1	1977	23	3.34	0.72	0.13
24	1	1977	24	2.16	0.71	0
25	1	1977	25	2.69	-0.28	0
26	1	1977	26	2.21	-0.37	0
27	1	1977	27	1.76	-2.04	0
28	1	1977	28	4.16	-2.54	0
29	1	1977	29	11.76	-0.58	0.27
30	1	1977	30	7.31	0.51	0
31	1	1977	31	8.12	-0.85	0
1	2	1977	32	11.69	-0.05	1.51
2	2	1977	33	14.5	0.49	0.58
3	2	1977	34	0.77	-7.01	0.12
4	2	1977	35	-3.49	-9.42	0
5	2	1977	36	0.49	-8.18	0.53
6	2	1977	37	2.18	-2.29	0
7	2	1977	38	-1.2	-8.87	0
8	2	1977	39	3.35	-8.29	0
9	2	1977	40	6.87	0.45	1.03
10	2	1977	41	3.78	-0.17	0.45
11	2	1977	42	1.1	-1.57	0
12	2	1977	43	-0.06	-3.95	0
13	2	1977	44	-0.74	-3.96	0
14	2	1977	45	1.65	-5.82	0
15	2	1977	46	9.19	-5.25	0
16	2	1977	47	13.69	-0.83	0
17	2	1977	48	7.77	0.74	0
18	2	1977	49	10.98	-1.48	0
19	2	1977	50	15.79	-0.71	0
20	2	1977	51	19.9	2.3	0
21	2	1977	52	19.91	3.76	0
22	2	1977	53	19.71	5.22	0.03
23	2	1977	54	9.19	2.22	0
24	2	1977	55	8.67	-2.84	0.12
25	2	1977	56	0.74	-8.4	0
26	2	1977	57	5.42	-7.81	0
27	2	1977	58	11.83	-3.56	0
28	2	1977	59	16.08	0.94	0
1	3	1977	60	17.91	0.25	0
2	3	1977	61	19.14	0.22	0
3	3	1977	62	22.97	3.63	0
4	3	1977	63	25.59	11.6	0
5	3	1977	64	25.75	13.45	0.35
6	3	1977	65	23.82	11.6	0
7	3	1977	66	24.71	8.96	0.54
8	3	1977	67	14.36	2.58	0.05
9	3	1977	68	3.94	-1.31	0
10	3	1977	69	2.19	-1.26	0.08
11	3	1977	70	3.35	0.14	0
12	3	1977	71	9.25	-4.11	0
13	3	1977	72	13.07	-3.48	0
14	3	1977	73	20.37	0.11	0
15	3	1977	74	17.62	0.29	0
16	3	1977	75	18.84	5.71	0
17	3	1977	76	13.9	7.54	0.5
18	3	1977	77	13.48	5.6	0
19	3	1977	78	8.06	2.54	0
20	3	1977	79	14.97	0.38	1.11
21	3	1977	80	1.08	-3.57	0
22	3	1977	81	1.68	-6.13	0
23	3	1977	82	5.77	-5.16	0
24	3	1977	83	4.39	-6.54	0
25	3	1977	84	8.47	-5.11	0
26	3	1977	85	14.52	1.07	0.17
27	3	1977	86	19.22	3.05	0.11
28	3	1977	87	4.04	1.21	0
29	3	1977	88	5.79	-0.14	0.17
30	3	1977	89	8.63	1.5	0.1
31	3	1977	90	10.89	3.49	0
1	4	1977	91	15.82	7.45	0.13
2	4	1977	92	14.15	4.25	0.25
3	4	1977	93	5.75	1.71	0.03
4	4	1977	94	15.18	3.48	0.05
5	4	1977	95	14.65	9.12	0
6	4	1977	96	22.42	13.54	0.01
7	4	1977	97	16.52	8.14	4.69
8	4	1977	98	11.38	8.14	1
9	4	1977	99	16.12	3.5	0.55
10	4	1977	100	11.03	3.81	0.17
11	4	1977	101	10.31	2.38	0
12	4	1977	102	19.51	5.67	0.08
13	4	1977	103	19.21	14.35	0.75
14	4	1977	104	21.04	4.49	1.4
15	4	1977	105	7.54	-1.81	0
16	4	1977	106	12.39	0.29	0
17	4	1977	107	9.17	-0.29	0
18	4	1977	108	6.43	-4.39	0
19	4	1977	109	7.03	-4.45	0
20	4	1977	110	10.93	-1.97	0
21	4	1977	111	16.13	2.91	0
22	4	1977	112	16.01	8.51	1.61
23	4	1977	113	13.8	6.78	0.89
24	4	1977	114	14.82	0.86	0.01
25	4	1977	115	18.15	3.4	0
26	4	1977	116	24.04	8.66	0
27	4	1977	117	26.57	12.57	0
28	4	1977	118	24.1	14.37	3.53
29	4	1977	119	17.53	14.05	1.96
30	4	1977	120	21.91	14.56	2.3
1	5	1977	121	24.14	16.49	3.57
2	5	1977	122	23.08	13.94	3.4
3	5	1977	123	17.18	6.4	0.94
4	5	1977	124	19.53	7.04	0.14
5	5	1977	125	19.76	7.17	0
6	5	1977	126	25.46	12.14	0
7	5	1977	127	27.68	11.28	1.1
8	5	1977	128	11.29	1.23	0
9	5	1977	129	15.89	3.99	0
10	5	1977	130	21.4	7.35	0
11	5	1977	131	26.75	12.88	0
12	5	1977	132	23.81	15.72	0.09
13	5	1977	133	23.02	15.26	0
14	5	1977	134	26.79	16.78	2.19
15	5	1977	135	21.32	7.1	2.75
16	5	1977	136	15.66	3.97	0.01
17	5	1977	137	20.85	8.21	2.12
18	5	1977	138	22.55	12.69	0.65
19	5	1977	139	22.68	12.93	0.48
20	5	1977	140	21.47	14.6	0.5
21	5	1977	141	22.74	15.87	1.17
22	5	1977	142	24.71	13.92	0.97
23	5	1977	143	23.93	8.62	0
24	5	1977	144	22.72	9.45	0
25	5	1977	145	22.79	5.87	0.04
26	5	1977	146	18.34	4.18	0
27	5	1977	147	20.68	9.28	0
28	5	1977	148	19.07	12.88	0.29
29	5	1977	149	23.06	9.67	0.69
30	5	1977	150	20.09	10.9	0
31	5	1977	151	20.81	10.3	0
1	6	1977	152	21.34	9.22	0
2	6	1977	153	23.82	13.43	0.25
3	6	1977	154	22.91	15.01	3.59
4	6	1977	155	25.47	12.19	0
5	6	1977	156	27.27	14.89	0
6	6	1977	157	25.31	11.7	0
7	6	1977	158	22.93	10.1	0
8	6	1977	159	26.56	11.09	0
9	6	1977	160	27.97	13.14	0
10	6	1977	161	28.85	15.03	0
11	6	1977	162	29.76	15.79	0
12	6	1977	163	30.3	17	0
13	6	1977	164	30.55	16.54	0
14	6	1977	165	30.08	16.48	0
15	6	1977	166	26.7	16.68	0
16	6	1977	167	28.7	17.24	0.07
17	6	1977	168	28.61	17.36	0.23
18	6	1977	169	24.84	18.7	2.05
19	6	1977	170	27.8	18.6	0
20	6	1977	171	29.49	17.52	0
21	6	1977	172	29.3	17.62	0
22	6	1977	173	30.15	18.83	0
23	6	1977	174	31.65	18.35	0
24	6	1977	175	32.64	19.18	0
25	6	1977	176	32.12	18.64	0
26	6	1977	177	32.93	21.14	0
27	6	1977	178	30.73	21.14	0.61
28	6	1977	179	28.96	21.1	0.46
29	6	1977	180	30.97	21.57	0.48
30	6	1977	181	31.29	20.98	0.45
1	7	1977	182	32.6	20.66	0
2	7	1977	183	33.17	20.52	0
3	7	1977	184	31.7	21.61	0.02
4	7	1977	185	32.27	20.26	2.46
5	7	1977	186	28.2	13.18	0
6	7	1977	187	23.99	10.96	0
7	7	1977	188	26.16	11.82	0
8	7	1977	189	29.28	14.04	0
9	7	1977	190	30.61	18.52	0
10	7	1977	191	30.44	19.57	0
11	7	1977	192	31.57	19.58	0
12	7	1977	193	33.28	20.28	0
13	7	1977	194	33.69	21.7	0
14	7	1977	195	33.96	21.21	1.19
15	7	1977	196	34.48	21.67	0
16	7	1977	197	33.53	22.65	0
17	7	1977	198	33.28	21.12	0
18	7	1977	199	33.32	21.53	0
19	7	1977	200	33.85	22.95	0
20	7	1977	201	35.12	24.17	0
21	7	1977	202	36.78	24.76	0
22	7	1977	203	36.61	23.38	0
23	7	1977	204	37.22	23.41	0
24	7	1977	205	32.34	20.54	0.04
25	7	1977	206	28.35	17.4	0.06
26	7	1977	207	29.99	16.35	0
27	7	1977	208	32.39	20.92	0
28	7	1977	209	33.53	19.83	0
29	7	1977	210	33.76	19.65	0
30	7	1977	211	33.83	21.02	0
31	7	1977	212	33.76	22.05	0
1	8	1977	213	32.32	16.83	0
2	8	1977	214	32.67	17.91	0
3	8	1977	215	34.24	19.19	0
4	8	1977	216	34.43	21.24	0.11
5	8	1977	217	34.7	20.69	0.01
6	8	1977	218	34.04	19.7	0
7	8	1977	219	33.52	18.49	0
8	8	1977	220	35.29	18.48	0
9	8	1977	221	35.47	18.19	0
10	8	1977	222	34.38	20.83	0
11	8	1977	223	33.25	16.69	0.38
12	8	1977	224	25.7	13.27	0
13	8	1977	225	27.36	12.58	0
14	8	1977	226	29.85	16.44	0
15	8	1977	227	31.21	18.87	0
16	8	1977	228	32.57	19.85	0
17	8	1977	229	32.67	22.29	0
18	8	1977	230	34.4	22.51	0
19	8	1977	231	37.64	23.51	0
20	8	1977	232	39.07	22.83	0
21	8	1977	233	38.01	23.21	0.09
22	8	1977	234	37.39	21.36	0.91
23	8	1977	235	31.78	22.09	0
24	8	1977	236	34.08	21.26	0
25	8	1977	237	33.81	21.34	0
26	8	1977	238	34.79	21.95	0
27	8	1977	239	34.52	20.27	2.21
28	8	1977	240	30.79	18.59	0.09
29	8	1977	241	32.43	18.2	0
30	8	1977	242	33.27	20.37	0
31	8	1977	243	32.45	18.77	0
1	9	1977	244	30.24	17.33	0
2	9	1977	245	30.26	18.21	0
3	9	1977	246	31.9	19.68	0
4	9	1977	247	29.97	20.71	0
5	9	1977	248	31.73	22.11	0
6	9	1977	249	31.41	22.02	0
7	9	1977	250	31.97	13.09	0
8	9	1977	251	31.4	13.74	0
9	9	1977	252	34.13	16.99	0
10	9	1977	253	35.34	20.72	0
11	9	1977	254	35.2	20.12	0.7
12	9	1977	255	29.13	19.39	0.11
13	9	1977	256	27.29	13.29	0
14	9	1977	257	24.52	9.96	0
15	9	1977	258	25.49	11.75	0
16	9	1977	259	25.65	14.01	0.78
17	9	1977	260	29.1	16.29	0
18	9	1977	261	32.21	18.76	0
19	9	1977	262	31.89	20.13	0
20	9	1977	263	28.74	9.48	1.43
21	9	1977	264	15.43	3.19	0.01
22	9	1977	265	17.03	5.02	0.09
23	9	1977	266	16.9	3.63	0
24	9	1977	267	20.71	5.66	0
25	9	1977	268	23.82	9.14	0
26	9	1977	269	23.07	10.84	0
27	9	1977	270	25.51	9.1	0
28	9	1977	271	26.94	11.01	0
29	9	1977	272	25.99	7.28	0
30	9	1977	273	26.72	10.51	0
1	10	1977	274	24.66	10.05	0
2	10	1977	275	28.62	11.47	0
3	10	1977	276	29.69	14.82	0
4	10	1977	277	25.24	16.81	0.37
5	10	1977	278	23.39	8.7	0
6	10	1977	279	23.41	5.5	0
7	10	1977	280	24.58	7.48	0
8	10	1977	281	26.24	9.44	0
9	10	1977	282	23.13	8.87	0
10	10	1977	283	24.64	9.59	0
11	10	1977	284	22.55	13.24	0
12	10	1977	285	24.3	8.79	5.99
13	10	1977	286	11.76	4.11	0.69
14	10	1977	287	18.73	4.71	0
15	10	1977	288	21.85	5.68	0
16	10	1977	289	24.09	9.64	0
17	10	1977	290	22.97	13.25	0.41
18	10	1977	291	18.75	10.24	0.28
19	10	1977	292	15.46	10.32	0.17
20	10	1977	293	17.51	11.69	2.15
21	10	1977	294	17.66	13.16	0.22
22	10	1977	295	14.81	12.6	7.57
23	10	1977	296	15.81	11.51	0.29
24	10	1977	297	13.86	11.49	0.66
25	10	1977	298	13.42	1.11	0.05
26	10	1977	299	15.65	0.89	0
27	10	1977	300	15.21	0.88	0
28	10	1977	301	21.98	7.54	0
29	10	1977	302	16.08	4.25	0
30	10	1977	303	16.07	4.41	0
31	10	1977	304	21.19	7.99	0
1	11	1977	305	21.89	9.55	0
2	11	1977	306	22.37	13.21	0.7
3	11	1977	307	17.76	1.72	0
4	11	1977	308	9.03	-1.59	0
5	11	1977	309	12.04	-1.29	0
6	11	1977	310	15.03	-0.1	0
7	11	1977	311	15.45	1.73	0
8	11	1977	312	19.2	2.29	0
9	11	1977	313	21.39	5.31	0
10	11	1977	314	16.26	3.27	1.04
11	11	1977	315	6.43	-1.93	0
12	11	1977	316	4.35	-2.34	0
13	11	1977	317	6.2	-2.16	0
14	11	1977	318	12.65	-0.86	1.07
15	11	1977	319	8.84	2.8	0.9
16	11	1977	320	4.37	2.19	0.14
17	11	1977	321	7.88	1.57	0
18	11	1977	322	12.03	4.46	0.16
19	11	1977	323	20.69	10	0.25
20	11	1977	324	16.47	3.05	0.07
21	11	1977	325	16.2	3.33	0
22	11	1977	326	20.25	6.04	0.76
23	11	1977	327	18.04	4.33	0.67
24	11	1977	328	4.49	-3.3	0
25	11	1977	329	10.02	-1.74	0
26	11	1977	330	14.86	1.53	0
27	11	1977	331	14.47	4.29	4.25
28	11	1977	332	12.61	0.38	0
29	11	1977	333	4.71	-2.7	0
30	11	1977	334	8.39	-4.65	0
1	12	1977	335	3.59	-5.1	0.29
2	12	1977	336	5.84	-2.66	0.16
3	12	1977	337	13.32	1.8	2.7
4	12	1977	338	6.98	3.55	0
5	12	1977	339	13.74	5.99	1.05
6	12	1977	340	11.57	-5.48	0.07
7	12	1977	341	3.62	-5.41	0
8	12	1977	342	5.03	-1.76	0
9	12	1977	343	7.68	0.5	0.75
10	12	1977	344	8.98	1.99	0
11	12	1977	345	13	7.6	0.59
12	12	1977	346	9.88	3.44	0.06
13	12	1977	347	6.72	3.87	0.15
14	12	1977	348	7.82	1.02	0.03
15	12	1977	349	4.06	-2.33	0
16	12	1977	350	-0.31	-9.25	0
17	12	1977	351	0.88	-8.83	0
18	12	1977	352	1.84	-9.61	0
19	12	1977	353	-7.44	-10.05	0
20	12	1977	354	-1.22	-8.44	0.06
21	12	1977	355	6.62	-1.46	0.81
22	12	1977	356	1.6	-12	0.01
23	12	1977	357	-7.75	-18.49	0
24	12	1977	358	-16.87	-23.1	0
25	12	1977	359	-13.43	-22.1	0
26	12	1977	360	-6.09	-15.65	0.05
27	12	1977	361	2.02	-7.3	2.11
28	12	1977	362	4.35	-11.21	0.37
29	12	1977	363	-8.85	-19.27	0
30	12	1977	364	-9.87	-19.13	0
31	12	1977	365	-1.23	-15.77	0
1	1	1978	1	4.46	-4.99	0
2	1	1978	2	4.36	-3.17	0
3	1	1978	3	5.61	-3.62	0
4	1	1978	4	5.07	0.08	0.24
5	1	1978	5	5.61	0.56	0.07
6	1	1978	6	5.01	-4.59	0
7	1	1978	7	4.22	-4.23	0
8	1	1978	8	8.5	-2.19	0
9	1	1978	9	14.78	-0.16	0.31
10	1	1978	10	-0.58	-12.98	0.02
11	1	1978	11	-4.89	-13.25	0
12	1	1978	12	0.69	-10.06	0
13	1	1978	13	2.98	-2.4	0
14	1	1978	14	-0.75	-5.36	0
15	1	1978	15	-2.57	-5.55	0.06
16	1	1978	16	-2.44	-5.89	0.04
17	1	1978	17	-0.56	-4.49	0.48
18	1	1978	18	-4.32	-19.77	0.07
19	1	1978	19	-12	-21.89	0
20	1	1978	20	-9.59	-26.07	0
21	1	1978	21	-12.61	-25.05	0
22	1	1978	22	-1.36	-17.49	0
23	1	1978	23	4.67	-8.11	1.76
24	1	1978	24	6.09	1.44	0
25	1	1978	25	2.99	-1.48	0
26	1	1978	26	10.01	-3.05	0
27	1	1978	27	5.44	-4.1	0
28	1	1978	28	2.89	-3.54	0
29	1	1978	29	4.49	-2.34	0.1
30	1	1978	30	5.56	-8.32	0.22
31	1	1978	31	-0.77	-8.62	0
1	2	1978	32	8.07	-3.72	0
2	2	1978	33	15.73	0.67	0.55
3	2	1978	34	7.64	-0.47	0.06
4	2	1978	35	7.14	-4.24	0.04
5	2	1978	36	1.45	-6.89	0.06
6	2	1978	37	-5.59	-13.46	0
7	2	1978	38	-2.12	-13.6	0
8	2	1978	39	5.5	-10.17	0
9	2	1978	40	13.81	-3.2	0
10	2	1978	41	12.48	5.7	0.12
11	2	1978	42	16.69	7.26	0.01
12	2	1978	43	22.53	8.22	0.14
13	2	1978	44	13.08	1.71	3.02
14	2	1978	45	15.81	0.1	0
15	2	1978	46	16.45	-0.69	0
16	2	1978	47	19	3.67	0.02
17	2	1978	48	12.73	1.22	0
18	2	1978	49	17.94	2.2	0.19
19	2	1978	50	16.18	3.05	0.26
20	2	1978	51	5.89	-3.07	0
21	2	1978	52	12.04	-3.02	0
22	2	1978	53	16.62	-1.17	0
23	2	1978	54	17.41	3.37	0
24	2	1978	55	18.44	-0.38	0.55
25	2	1978	56	6.35	-2.45	0
26	2	1978	57	7.5	-1.49	0.3
27	2	1978	58	5.29	-1.28	0.59
28	2	1978	59	-0.21	-5.81	1.32
1	3	1978	60	-1.59	-8.43	0
2	3	1978	61	2.86	-7.7	0.23
3	3	1978	62	5.62	-4.92	0
4	3	1978	63	6.24	-5.01	0
5	3	1978	64	11.04	-2.42	0.6
6	3	1978	65	11.46	-1.39	0.1
7	3	1978	66	2.21	-5.12	0.06
8	3	1978	67	5.28	-4.42	0.07
9	3	1978	68	4.1	-11.12	0.14
10	3	1978	69	-0.12	-10.44	0
11	3	1978	70	3.23	-5.97	0
12	3	1978	71	5.87	-7.78	0
13	3	1978	72	6.41	-6.61	0.86
14	3	1978	73	8.59	1.06	0
15	3	1978	74	8.47	0.66	0
16	3	1978	75	25.17	8.31	1.49
17	3	1978	76	13.27	3.58	0
18	3	1978	77	6.88	3.33	0
19	3	1978	78	8.01	2.4	0.62
20	3	1978	79	18.73	3.51	0.69
21	3	1978	80	15.3	-0.01	2.35
22	3	1978	81	3.12	-0.06	0.21
23	3	1978	82	7.76	1.04	0
24	3	1978	83	11.61	0.26	0
25	3	1978	84	17.06	3.52	0.33
26	3	1978	85	11.71	2.98	0.13
27	3	1978	86	10.16	3.03	0.05
28	3	1978	87	16.46	7.49	0.89
29	3	1978	88	11.14	2.3	2.04
30	3	1978	89	6.36	-1.21	0
31	3	1978	90	7.63	-2.64	0
1	4	1978	91	9.39	-0.67	0
2	4	1978	92	12.61	-0.77	0
3	4	1978	93	17.1	2.3	0.03
4	4	1978	94	13.82	6.76	1.19
5	4	1978	95	14.7	5.24	1.33
6	4	1978	96	9.75	2.96	0.29
7	4	1978	97	13.15	-0.01	0
8	4	1978	98	16.15	2.52	0
9	4	1978	99	13.01	5.94	0.19
10	4	1978	100	10.96	7.34	0.49
11	4	1978	101	17.93	2.99	0
12	4	1978	102	19.94	5.47	0
13	4	1978	103	20.97	7.82	0.47
14	4	1978	104	21.5	9.2	0
15	4	1978	105	19.91	4.83	0
16	4	1978	106	14.38	5.95	0.25
17	4	1978	107	9.59	5.62	0.93
18	4	1978	108	7.84	3.28	0.34
19	4	1978	109	7.64	1.41	0.01
20	4	1978	110	13.4	1.43	0
21	4	1978	111	15.45	4.86	0.27
22	4	1978	112	12.48	7.28	5.11
23	4	1978	113	23.83	8.62	0.89
24	4	1978	114	12.19	4.1	0.32
25	4	1978	115	16.12	4.79	0
26	4	1978	116	25.84	11.16	0
27	4	1978	117	28.43	15.85	0
28	4	1978	118	25.99	17.28	0
29	4	1978	119	25.95	14.05	0
30	4	1978	120	22.6	15.45	1.02
1	5	1978	121	18.57	4.07	0
2	5	1978	122	19.17	7.02	0
3	5	1978	123	15.79	9.8	0.35
4	5	1978	124	18.79	11.82	2.1
5	5	1978	125	13.05	5.84	0.24
6	5	1978	126	20.4	9.91	1.55
7	5	1978	127	19.88	12.84	2.3
8	5	1978	128	22.49	11.22	3.12
9	5	1978	129	14.18	4.93	0.12
10	5	1978	130	13.68	5.68	0
11	5	1978	131	20.78	10.28	0
12	5	1978	132	25.77	15.62	0.05
13	5	1978	133	25.02	9.38	0
14	5	1978	134	21.48	10.42	0.91
15	5	1978	135	16.83	3.92	0
16	5	1978	136	19.3	2.82	0
17	5	1978	137	18.74	3.93	0
18	5	1978	138	22.18	8.08	0
19	5	1978	139	26.16	12.49	0
20	5	1978	140	28.03	15.88	0
21	5	1978	141	26.83	17.08	0
22	5	1978	142	27.68	18.35	0
23	5	1978	143	27.58	17.69	2.35
24	5	1978	144	24.47	10.64	0
25	5	1978	145	25.13	13.35	0
26	5	1978	146	28.15	16.85	0.94
27	5	1978	147	23.39	14.47	0.35
28	5	1978	148	25.24	16.2	0.23
29	5	1978	149	24.3	10	0.07
30	5	1978	150	12.08	3.96	0
31	5	1978	151	16.42	5.9	0
1	6	1978	152	22.88	8.14	0
2	6	1978	153	24.76	12.96	0
3	6	1978	154	28.67	16.01	0
4	6	1978	155	27.99	15.29	0
5	6	1978	156	29.44	17.56	0
6	6	1978	157	30.56	18.26	0
7	6	1978	158	31.16	19.61	0
8	6	1978	159	30.4	20.22	0
9	6	1978	160	31.73	19.47	0
10	6	1978	161	31.98	19.15	0
11	6	1978	162	31.77	19.95	0
12	6	1978	163	31.53	17.89	1.14
13	6	1978	164	32.61	20	0
14	6	1978	165	32.68	20.17	0
15	6	1978	166	32.12	18.52	0
16	6	1978	167	31.15	19.58	0
17	6	1978	168	31.32	19.75	1.32
18	6	1978	169	32.43	21.98	0
19	6	1978	170	32.77	20.66	0
20	6	1978	171	32.06	20.75	0
21	6	1978	172	30.39	18.61	0
22	6	1978	173	29.98	20.14	0
23	6	1978	174	30.54	19.71	0
24	6	1978	175	29.51	20.01	0.91
25	6	1978	176	28.79	13.09	0
26	6	1978	177	28.85	12.67	0
27	6	1978	178	29.21	16.93	0
28	6	1978	179	30.21	17.97	0
29	6	1978	180	30.48	16.71	0.4
30	6	1978	181	29.54	15.81	0
1	7	1978	182	25.33	14.2	0
2	7	1978	183	28.19	15.32	0
3	7	1978	184	28.58	16.38	0
4	7	1978	185	30.47	17.02	1.31
5	7	1978	186	25.36	19.16	4.1
6	7	1978	187	25.5	19.92	0.44
7	7	1978	188	29.13	15.62	0.06
8	7	1978	189	25.42	10.14	0
9	7	1978	190	25.41	14.02	0
10	7	1978	191	30.46	18.58	0
11	7	1978	192	33.15	23.17	0
12	7	1978	193	31.64	18.45	0.64
13	7	1978	194	29.09	15.43	0
14	7	1978	195	30.87	17.38	0
15	7	1978	196	31.85	18.9	0.29
16	7	1978	197	29.37	21.03	0.03
17	7	1978	198	29.85	18.08	0
18	7	1978	199	29.42	16.58	0
19	7	1978	200	26.34	12.39	0
20	7	1978	201	27.71	12.97	0
21	7	1978	202	28.55	16.85	0.01
22	7	1978	203	29.76	16.9	0
23	7	1978	204	30.04	17.46	0
24	7	1978	205	31.38	18.7	0
25	7	1978	206	32.38	20.17	0
26	7	1978	207	30.48	19.36	0.04
27	7	1978	208	29.51	16.47	2.33
28	7	1978	209	23.62	14.29	0
29	7	1978	210	26.03	14.52	0
30	7	1978	211	27.17	15.42	0.25
31	7	1978	212	26.75	17.7	0
1	8	1978	213	29.36	20.04	0
2	8	1978	214	27.91	20.84	0.33
3	8	1978	215	28.63	19.81	0.7
4	8	1978	216	29.52	20.84	0
5	8	1978	217	29.61	19.5	0.15
6	8	1978	218	29.71	19.78	0
7	8	1978	219	29.99	20.19	0
8	8	1978	220	31.21	21.24	0.02
9	8	1978	221	31.28	21.12	0
10	8	1978	222	31.46	20.98	0.16
11	8	1978	223	30.33	20.08	0.7
12	8	1978	224	28.55	17.87	0
13	8	1978	225	29.22	17.47	0
14	8	1978	226	30.7	16.48	0
15	8	1978	227	31.01	16.28	0
16	8	1978	228	31.21	16.64	0
17	8	1978	229	31.37	17.34	0
18	8	1978	230	31.72	18.93	0.64
19	8	1978	231	27.04	16.51	0
20	8	1978	232	29.01	14.94	0
21	8	1978	233	28.18	13.78	0
22	8	1978	234	31.49	18.04	0
23	8	1978	235	30.7	17.09	0.94
24	8	1978	236	26.59	13.21	0
25	8	1978	237	26.2	11.35	0
26	8	1978	238	27.51	13.24	0
27	8	1978	239	29.97	15.75	0
28	8	1978	240	31.33	18.54	0
29	8	1978	241	26.07	17.68	0.09
30	8	1978	242	31.24	20.33	0
31	8	1978	243	30.57	14.8	0
1	9	1978	244	29.87	12.1	0
2	9	1978	245	32.1	15.7	0
3	9	1978	246	33.89	18.79	0
4	9	1978	247	24.29	13.39	0.49
5	9	1978	248	22.61	9.44	0
6	9	1978	249	23.47	8.43	0
7	9	1978	250	24.51	11.72	0
8	9	1978	251	28.11	14.04	0
9	9	1978	252	28.15	14.52	0
10	9	1978	253	26.81	17.23	0.06
11	9	1978	254	28.72	18.54	0
12	9	1978	255	29.78	16.2	0
13	9	1978	256	31.24	16.11	0
14	9	1978	257	33.98	18.31	0
15	9	1978	258	32.3	14.33	0.84
16	9	1978	259	21.45	5.83	0
17	9	1978	260	20.95	6.1	0
18	9	1978	261	22.69	8.2	0
19	9	1978	262	25.7	9.18	0
20	9	1978	263	27.76	11.28	0
21	9	1978	264	30.19	11.6	0
22	9	1978	265	32.06	14.24	0
23	9	1978	266	32.02	17.59	0
24	9	1978	267	24.24	17.96	1.47
25	9	1978	268	21.95	16.22	0.71
26	9	1978	269	28.9	10.86	0
27	9	1978	270	18.27	7.22	0
28	9	1978	271	12.25	7.91	0.14
29	9	1978	272	17.31	5.32	0.38
30	9	1978	273	16.57	5.57	0
1	10	1978	274	13.15	4.71	0.32
2	10	1978	275	16.1	1.33	0
3	10	1978	276	18.21	4.15	0
4	10	1978	277	23.17	8.08	0
5	10	1978	278	25.09	11.17	0
6	10	1978	279	25.77	12.19	0
7	10	1978	280	22.62	14.91	0
8	10	1978	281	20.52	15.8	0.92
9	10	1978	282	20.82	15.06	0.04
10	10	1978	283	24.32	12.56	0
11	10	1978	284	25.88	13.06	0
12	10	1978	285	25.46	13.19	0
13	10	1978	286	24.18	12.67	0
14	10	1978	287	23.2	13.26	0
15	10	1978	288	24.53	14.77	0
16	10	1978	289	25.2	14.21	0.01
17	10	1978	290	27.7	15.42	0
18	10	1978	291	21.57	14.94	0
19	10	1978	292	24.65	15.82	0.19
20	10	1978	293	22.75	8.72	0.05
21	10	1978	294	23.79	10.34	2.12
22	10	1978	295	22.06	14.04	0.76
23	10	1978	296	14.83	9.6	1.68
24	10	1978	297	11.55	9.31	0.67
25	10	1978	298	14.27	9.97	0.07
26	10	1978	299	22.27	12.66	0
27	10	1978	300	25.76	13.62	0
28	10	1978	301	25.63	14.24	0.04
29	10	1978	302	21.07	15.29	2.59
30	10	1978	303	18.21	13.52	0
31	10	1978	304	22.1	12.16	0
1	11	1978	305	25.27	13.47	0
2	11	1978	306	24.42	4.88	2.62
3	11	1978	307	9.43	-0.36	0
4	11	1978	308	15.41	1.18	0.46
5	11	1978	309	14.99	10.31	0.51
6	11	1978	310	15.93	0.34	0
7	11	1978	311	9.61	-2	0
8	11	1978	312	11.98	-0.58	0
9	11	1978	313	12.53	4.45	1.51
10	11	1978	314	17.95	8.6	1.76
11	11	1978	315	13.57	4.28	0.51
12	11	1978	316	5.77	0.93	0
13	11	1978	317	3.88	-3.99	0
14	11	1978	318	8.79	-4.55	0
15	11	1978	319	13.84	-2.08	0.19
16	11	1978	320	12.44	0.52	0.64
17	11	1978	321	8.45	-6.1	0.42
18	11	1978	322	6.17	-6.57	2.02
19	11	1978	323	3.91	0.99	1.14
20	11	1978	324	3.72	-6.55	0
21	11	1978	325	1.86	-7.87	0
22	11	1978	326	3.12	-7.99	0
23	11	1978	327	5.76	-7.37	0
24	11	1978	328	10.06	-5.2	0
25	11	1978	329	13.07	-4.1	0
26	11	1978	330	13.95	-0.72	0
27	11	1978	331	19.19	5.66	0
28	11	1978	332	20.83	1.82	2.41
29	11	1978	333	4.44	-3.48	0.06
30	11	1978	334	9.26	-3.84	0
1	12	1978	335	8.06	1.08	0.29
2	12	1978	336	9.6	-0.51	0
3	12	1978	337	10.63	0.16	0.06
4	12	1978	338	2.65	-7.02	0
5	12	1978	339	0.86	-6.89	0
6	12	1978	340	0.57	-3.39	1.34
7	12	1978	341	-2.37	-16.21	0
8	12	1978	342	-1.16	-15.24	0
9	12	1978	343	7.31	-3.74	0
10	12	1978	344	11.03	-1.62	0.65
11	12	1978	345	13.03	5.24	0.3
12	12	1978	346	10.03	3.74	0
13	12	1978	347	17.35	8.16	0.03
14	12	1978	348	18.9	11.57	0.26
15	12	1978	349	20.47	11.88	0
16	12	1978	350	22.09	10.14	0
17	12	1978	351	20.67	11.77	0
18	12	1978	352	20.81	8.99	0.43
19	12	1978	353	13.91	5.99	1.37
20	12	1978	354	14.65	3.44	0.28
21	12	1978	355	9.23	3.41	2.35
22	12	1978	356	16.33	4.17	2.71
23	12	1978	357	7.72	-3.81	0
24	12	1978	358	10.26	-2.22	0.38
25	12	1978	359	11.08	-6.52	0.23
26	12	1978	360	0.76	-7.58	0
27	12	1978	361	11.05	-3.61	0
28	12	1978	362	18.57	11.26	0
29	12	1978	363	20.08	14.87	0
30	12	1978	364	20.25	11.28	0.64
31	12	1978	365	11.93	8.26	0.69
1	1	1979	1	19.29	9.13	0.79
2	1	1979	2	19.16	0.62	0.32
3	1	1979	3	1.7	-0.37	0
4	1	1979	4	1.99	-0.48	0.68
5	1	1979	5	0.68	-4.74	1.46
6	1	1979	6	0.87	-3.47	0.08
7	1	1979	7	2.4	-2.13	0.03
8	1	1979	8	1.49	-0.72	0.16
9	1	1979	9	1.71	-7.33	0
10	1	1979	10	-2.35	-7.02	0.07
11	1	1979	11	1.08	-5.41	0.05
12	1	1979	12	-3.06	-8.06	0
13	1	1979	13	-3.38	-10.15	0
14	1	1979	14	1.21	-9.64	0
15	1	1979	15	0.4	-12.36	0
16	1	1979	16	-4.01	-12.77	0
17	1	1979	17	1.16	-10.69	0.65
18	1	1979	18	0.98	-5.92	0.5
19	1	1979	19	1.68	-6.75	0.3
20	1	1979	20	-4.51	-26.91	0.07
21	1	1979	21	-21.96	-27.15	0.04
22	1	1979	22	-10.62	-23.03	0
23	1	1979	23	-5.76	-10.88	0
24	1	1979	24	-0.55	-8.9	0
25	1	1979	25	1.66	-4.29	0
26	1	1979	26	0.92	-16.25	0
27	1	1979	27	-4.83	-16.23	0
28	1	1979	28	-1.26	-5.29	0
29	1	1979	29	-1.36	-5.99	0
30	1	1979	30	-0.48	-6.34	0
31	1	1979	31	3.16	-3.57	1.8
1	2	1979	32	1.79	-7.55	1.11
2	2	1979	33	-7	-11.07	0.54
3	2	1979	34	-7.5	-19.07	0
4	2	1979	35	-6.35	-19.1	0
5	2	1979	36	-0.54	-15.64	0.01
6	2	1979	37	2.91	-2.31	0.28
7	2	1979	38	-1.27	-12.8	0
8	2	1979	39	-5.54	-15.34	0
9	2	1979	40	-4.17	-16.41	0
10	2	1979	41	-2.06	-14.56	0
11	2	1979	42	5.99	-4.47	0.21
12	2	1979	43	5.17	-1.64	1.04
13	2	1979	44	-0.68	-8.07	1.29
14	2	1979	45	-2.58	-8.61	0
15	2	1979	46	-2.53	-11.13	0.04
16	2	1979	47	-4.96	-13.37	0
17	2	1979	48	3.86	-9.8	0
18	2	1979	49	7.53	-4.69	0
19	2	1979	50	6.64	-2.35	0
20	2	1979	51	5.53	-3.05	0
21	2	1979	52	10.34	-3.85	0
22	2	1979	53	15.59	1.22	0.1
23	2	1979	54	17.3	8.77	0.16
24	2	1979	55	22.46	12.1	0
25	2	1979	56	17.27	4.48	0
26	2	1979	57	8	4.4	0
27	2	1979	58	14.48	2.22	0
28	2	1979	59	6.51	-6.38	0
1	3	1979	60	10.78	-5.22	0
2	3	1979	61	13.51	2.71	0
3	3	1979	62	14.39	0.93	0
4	3	1979	63	15.88	2.21	0
5	3	1979	64	22.46	-0.12	1.15
6	3	1979	65	7.91	-3.7	0
7	3	1979	66	5.54	-2.75	0
8	3	1979	67	18.67	0.82	0.06
9	3	1979	68	13.35	1.62	0.3
10	3	1979	69	14.65	-0.95	0
11	3	1979	70	17.85	1.15	1.12
12	3	1979	71	17.66	4.47	1.28
13	3	1979	72	11.43	-0.51	0
14	3	1979	73	9.84	2.07	0.91
15	3	1979	74	11.58	-1.29	0
16	3	1979	75	11.33	-0.73	0
17	3	1979	76	15.26	-1.15	0
18	3	1979	77	8.73	-5.96	0
19	3	1979	78	7.37	-4.4	0
20	3	1979	79	18.61	1.79	0
21	3	1979	80	19.2	5.11	0.48
22	3	1979	81	13.77	5.15	0.65
23	3	1979	82	10	5.31	0.47
24	3	1979	83	12.44	1.07	0.08
25	3	1979	84	11.23	2.11	0.06
26	3	1979	85	12.07	0.01	0
27	3	1979	86	18.78	1.87	0
28	3	1979	87	19.33	13	0
29	3	1979	88	24.27	16.81	0.91
30	3	1979	89	21.57	12.82	0.67
31	3	1979	90	17.01	10.46	0.92
1	4	1979	91	19.77	4.58	0
2	4	1979	92	10.19	0.37	0
3	4	1979	93	11.69	2.26	0
4	4	1979	94	19.24	7.78	0
5	4	1979	95	26.02	11.6	0.53
6	4	1979	96	21.98	5.67	0.26
7	4	1979	97	12.05	4.83	0.37
8	4	1979	98	10.76	-0.16	0.12
9	4	1979	99	9.43	-4.22	0
10	4	1979	100	6.62	-4.11	0
11	4	1979	101	12.86	-0.62	0.07
12	4	1979	102	19.66	7.72	0
13	4	1979	103	22.43	11.3	0
14	4	1979	104	22.09	12.28	0
15	4	1979	105	24.08	12.89	0
16	4	1979	106	18.73	8.2	0
17	4	1979	107	23.41	7.49	0
18	4	1979	108	23.52	9.43	0
19	4	1979	109	28.51	13.93	0
20	4	1979	110	27.99	13.93	0
21	4	1979	111	28	13.98	0
22	4	1979	112	29.67	14.75	0
23	4	1979	113	29.69	15.66	0
24	4	1979	114	25.72	15.75	0
25	4	1979	115	24.57	7.28	0
26	4	1979	116	24.82	9.88	0
27	4	1979	117	28.19	14.74	0.07
28	4	1979	118	20.96	16.04	0.26
29	4	1979	119	24.8	8.64	0
30	4	1979	120	23.13	9.9	0
1	5	1979	121	26.46	14.1	0.8
2	5	1979	122	20.08	14.11	0.94
3	5	1979	123	19.96	9.21	0.71
4	5	1979	124	19.27	6.45	0
5	5	1979	125	22.3	10.57	0
6	5	1979	126	24.91	13.75	0
7	5	1979	127	26.84	12.95	0
8	5	1979	128	22.57	8.45	0
9	5	1979	129	23.93	8.74	0
10	5	1979	130	26.19	12.77	0
11	5	1979	131	24.73	14.42	0
12	5	1979	132	26.65	17.13	0
13	5	1979	133	25.91	16.15	0.47
14	5	1979	134	29.4	16.42	0
15	5	1979	135	27.34	18.13	0.84
16	5	1979	136	25.8	13.12	0
17	5	1979	137	23.39	12.87	0.63
18	5	1979	138	16.84	6.18	0.08
19	5	1979	139	20.97	9.11	0
20	5	1979	140	25.27	11.78	0
21	5	1979	141	26.46	14.47	0
22	5	1979	142	26.29	12.88	0.9
23	5	1979	143	15.04	11.71	1.14
24	5	1979	144	15.45	10.85	1.72
25	5	1979	145	21.08	9.1	0
26	5	1979	146	25.8	11.68	0
27	5	1979	147	26.75	15.36	0
28	5	1979	148	28.61	17	1.17
29	5	1979	149	22.44	12.77	0
30	5	1979	150	25.78	14.55	0
31	5	1979	151	29.33	18.99	0
1	6	1979	152	26.85	14.58	0
2	6	1979	153	27.65	16.58	0.72
3	6	1979	154	27.84	16.38	0.48
4	6	1979	155	29.43	18.02	0.62
5	6	1979	156	27.1	19.02	0.1
6	6	1979	157	26.25	17.53	0.43
7	6	1979	158	23.98	17.6	0.37
8	6	1979	159	26.78	17.59	0.4
9	6	1979	160	28.66	18	0.39
10	6	1979	161	30.63	17.79	2.87
11	6	1979	162	28.61	18.97	0
12	6	1979	163	27.6	11.97	1.7
13	6	1979	164	14.57	6.81	0.07
14	6	1979	165	20.56	8.52	0
15	6	1979	166	22.87	13.03	0
16	6	1979	167	25.46	16.83	0
17	6	1979	168	28.16	16.37	0.01
18	6	1979	169	26.03	16.63	0
19	6	1979	170	25.85	13.6	0
20	6	1979	171	23.45	10.6	0.03
21	6	1979	172	25.05	12.81	0
22	6	1979	173	27.83	17.61	0
23	6	1979	174	25.95	18.65	0.09
24	6	1979	175	30.12	18.46	0
25	6	1979	176	28.19	17.72	1.14
26	6	1979	177	30.5	18.95	0
27	6	1979	178	30.13	15.73	0
28	6	1979	179	28.44	13.72	0
29	6	1979	180	27.4	14.06	0
30	6	1979	181	28.55	16.05	0
1	7	1979	182	28.66	18.2	0.09
2	7	1979	183	25.13	16.34	0.8
3	7	1979	184	25.56	16.55	1.2
4	7	1979	185	28.36	16.76	0.27
5	7	1979	186	29.01	16.99	0
6	7	1979	187	28.24	17.05	0
7	7	1979	188	27.82	15.56	0
8	7	1979	189	29.33	18.03	0
9	7	1979	190	31.08	21.63	0
10	7	1979	191	32.19	22.99	0
11	7	1979	192	30.68	16.78	0.5
12	7	1979	193	29.55	18.21	0
13	7	1979	194	31.15	20.46	0
14	7	1979	195	31.15	21.93	0
15	7	1979	196	34.12	23.03	0.78
16	7	1979	197	31.35	19.28	0.17
17	7	1979	198	28.31	14.67	0
18	7	1979	199	27.64	13.47	0
19	7	1979	200	30.66	16.95	0
20	7	1979	201	32.09	19.65	0
21	7	1979	202	31.64	21.74	0.31
22	7	1979	203	29.8	19.14	2.41
23	7	1979	204	27.65	18.34	0
24	7	1979	205	27.64	17.15	0
25	7	1979	206	30.86	18.85	0
26	7	1979	207	29.85	21.02	0
27	7	1979	208	25.07	16.52	0.91
28	7	1979	209	27.5	15.25	0
29	7	1979	210	29.67	17.16	0
30	7	1979	211	30.61	20.49	0
31	7	1979	212	30.96	20.94	1.87
1	8	1979	213	28.77	20.9	1.57
2	8	1979	214	23.27	13.89	0.21
3	8	1979	215	26.53	13.63	0
4	8	1979	216	28.41	16.41	0
5	8	1979	217	28.67	18.82	0
6	8	1979	218	22.41	19.3	0.13
7	8	1979	219	27.87	19.11	0
8	8	1979	220	24.86	17.12	0.03
9	8	1979	221	29.55	17.89	0
10	8	1979	222	30.69	17.74	0
11	8	1979	223	32.4	20.07	0
12	8	1979	224	32.04	20.2	0
13	8	1979	225	33.16	21.34	0
14	8	1979	226	33.5	22.15	0
15	8	1979	227	32.28	22.02	0
16	8	1979	228	28.64	20.25	3.73
17	8	1979	229	24.56	19.44	0.48
18	8	1979	230	28.45	17.2	0
19	8	1979	231	30.82	18.08	0
20	8	1979	232	28.37	16.24	0
21	8	1979	233	21.16	15.57	0.27
22	8	1979	234	25.43	13.82	0
23	8	1979	235	25.61	14.93	0
24	8	1979	236	26.45	17.69	0.19
25	8	1979	237	24.43	19.09	2.58
26	8	1979	238	25.63	16.42	0.38
27	8	1979	239	25.13	15.12	0
28	8	1979	240	26.92	15.05	0
29	8	1979	241	27.98	15.08	0
30	8	1979	242	29.64	17.55	0
31	8	1979	243	25.97	15.02	1.64
1	9	1979	244	26.85	13.88	0
2	9	1979	245	29.92	17.19	0
3	9	1979	246	31.25	18.63	0
4	9	1979	247	30.66	19.98	0
5	9	1979	248	30.74	20.57	0
6	9	1979	249	28.96	21.19	0.01
7	9	1979	250	31.23	20.44	0
8	9	1979	251	32.57	20.8	0
9	9	1979	252	32.84	20.74	0
10	9	1979	253	32.29	20.77	0
11	9	1979	254	29.4	17.53	0.59
12	9	1979	255	23.99	10.74	0
13	9	1979	256	22.16	7.3	0
14	9	1979	257	20.04	6.71	0
15	9	1979	258	21.51	6.34	0
16	9	1979	259	23.59	6.81	0
17	9	1979	260	25.83	9.32	0
18	9	1979	261	26.56	12.26	0
19	9	1979	262	28.22	12.04	0
20	9	1979	263	28.32	12.27	0
21	9	1979	264	28.78	12.01	0
22	9	1979	265	28.15	13.74	0
23	9	1979	266	29.32	15.05	0
24	9	1979	267	25.63	8.28	0.62
25	9	1979	268	19.89	6.5	0
26	9	1979	269	25.26	9.2	1.16
27	9	1979	270	19.17	6.77	0.28
28	9	1979	271	18.32	5.59	0
29	9	1979	272	21.42	7.48	0
30	9	1979	273	24.12	9.98	0
1	10	1979	274	25.92	6.68	2.49
2	10	1979	275	10.94	2.44	0.01
3	10	1979	276	15.07	4.88	0
4	10	1979	277	17.21	7.3	0
5	10	1979	278	23.39	7.02	0
6	10	1979	279	13.72	3.93	0
7	10	1979	280	15.97	3.21	0
8	10	1979	281	21.48	5.17	0
9	10	1979	282	24	10.67	0
10	10	1979	283	25.31	13.28	0
11	10	1979	284	26.45	15.53	0
12	10	1979	285	26.55	15.45	0
13	10	1979	286	28.01	17.4	0
14	10	1979	287	28.33	17.54	0.87
15	10	1979	288	25.92	18.11	2.01
16	10	1979	289	22.04	7.1	0
17	10	1979	290	23.17	7.94	0
18	10	1979	291	25.82	9.83	0
19	10	1979	292	26.73	17.37	0
20	10	1979	293	23.53	18.34	0.9
21	10	1979	294	21.2	12.85	1.66
22	10	1979	295	14.21	11.3	0
23	10	1979	296	16.45	11.55	0
24	10	1979	297	21.54	14.2	2.78
25	10	1979	298	23.18	10.62	0
26	10	1979	299	19.87	5.36	0
27	10	1979	300	23.97	6.88	0
28	10	1979	301	22.91	10.56	0
29	10	1979	302	18.25	8.93	0
30	10	1979	303	12.64	7.82	1.37
31	10	1979	304	15.7	8.79	0.07
1	11	1979	305	21.94	11.8	0.04
2	11	1979	306	20.04	12.72	0.53
3	11	1979	307	14.35	9.25	0.89
4	11	1979	308	10.94	6.66	0.93
5	11	1979	309	9.07	4.96	0.16
6	11	1979	310	9.45	5.55	0.05
7	11	1979	311	14.35	7.68	0
8	11	1979	312	10.25	-0.78	0.01
9	11	1979	313	15.44	0.13	0
10	11	1979	314	18.75	7.84	0
11	11	1979	315	22.69	13.47	0.2
12	11	1979	316	19.33	13.94	2.71
13	11	1979	317	21.75	14	0
14	11	1979	318	21.18	16.28	0.02
15	11	1979	319	21.45	10.94	0.04
16	11	1979	320	17.83	11.07	1.08
17	11	1979	321	18.98	5.25	1.03
18	11	1979	322	14.82	6.22	0.02
19	11	1979	323	24.35	12.67	0
20	11	1979	324	23.33	6.53	0.11
21	11	1979	325	6.97	-2.48	0.06
22	11	1979	326	6.16	-1.85	0.2
23	11	1979	327	10.17	-1.22	0
24	11	1979	328	13.21	1.13	0
25	11	1979	329	9.49	4.44	0
26	11	1979	330	16.41	5.66	0.6
27	11	1979	331	19.65	10.2	2.44
28	11	1979	332	14.66	8.65	2.12
29	11	1979	333	10.71	5.49	0.22
30	11	1979	334	7.67	5.59	0
1	12	1979	335	11.46	5.96	0.06
2	12	1979	336	16.14	-5.68	0.48
3	12	1979	337	-5.42	-10.32	0
4	12	1979	338	-1.13	-10.4	0
5	12	1979	339	4.36	-2.75	0
6	12	1979	340	4.63	-2.9	0.24
7	12	1979	341	-1.02	-3.31	0
8	12	1979	342	4.42	-2.53	0
9	12	1979	343	7.39	0.36	0
10	12	1979	344	12.71	-0.89	0
11	12	1979	345	17.12	6.64	0
12	12	1979	346	14.63	2.33	1.8
13	12	1979	347	3.96	1.47	0.47
14	12	1979	348	1.99	-12.08	0.42
15	12	1979	349	-6.2	-12.56	0
16	12	1979	350	2.3	-7.18	0
17	12	1979	351	6.28	-5.58	0
18	12	1979	352	3.93	-12.2	0
19	12	1979	353	-7.87	-15.39	0
20	12	1979	354	-1.97	-15.04	0.1
21	12	1979	355	-2.84	-16.61	0
22	12	1979	356	-4.69	-15.68	0
23	12	1979	357	7.48	-4.63	0
24	12	1979	358	5.16	1.21	0.16
25	12	1979	359	3.1	-14.11	0
26	12	1979	360	-12.19	-15.15	0
27	12	1979	361	2.12	-12.85	0
28	12	1979	362	5.7	-6.85	0.12
29	12	1979	363	1	-7.4	0
30	12	1979	364	1.38	-9.8	0
31	12	1979	365	8.15	-9.89	0
1	1	1980	1	9.9	-8.36	0
2	1	1980	2	5.52	-8.01	0
3	1	1980	3	10.73	-1.27	0
4	1	1980	4	6.17	-2.48	0
5	1	1980	5	11.19	-4.16	0
6	1	1980	6	0.41	-4.72	0
7	1	1980	7	3.52	-6.44	0
8	1	1980	8	-2.99	-13.67	0
9	1	1980	9	-1.76	-13.31	0
10	1	1980	10	7.45	-11.27	0
11	1	1980	11	8.08	-7.26	0
12	1	1980	12	9.64	-7.47	0
13	1	1980	13	12.05	-4.38	0
14	1	1980	14	-0.73	-7.89	0
15	1	1980	15	4.23	-7.71	0
16	1	1980	16	7.21	-7.15	0
17	1	1980	17	16.51	-1.14	0
18	1	1980	18	13.61	7.37	0.1
19	1	1980	19	16.38	2.73	0.75
20	1	1980	20	3.09	-1.59	0.98
21	1	1980	21	1.8	-3.84	0
22	1	1980	22	16.49	-2.58	0
23	1	1980	23	5.34	-3.29	0
24	1	1980	24	7.28	-5.37	0
25	1	1980	25	9.1	-4.36	0.12
26	1	1980	26	3.8	-1.43	0
27	1	1980	27	0.45	-15.86	0
28	1	1980	28	-12.26	-18.42	0.09
29	1	1980	29	1.45	-15.42	0
30	1	1980	30	6.53	-8.29	0
31	1	1980	31	0.57	-8.58	0
1	2	1980	32	9.38	-4.21	0
2	2	1980	33	18.01	7.97	0.26
3	2	1980	34	14.38	8.5	0.46
4	2	1980	35	14.33	10.77	1.36
5	2	1980	36	18.1	12.01	0.98
6	2	1980	37	18.78	5.19	0.74
7	2	1980	38	10.53	4.33	0.48
8	2	1980	39	5.34	-0.44	0
9	2	1980	40	2.65	-0.87	0.37
10	2	1980	41	1.73	-5.58	1.13
11	2	1980	42	-3.7	-8.02	0.54
12	2	1980	43	-3.43	-14.38	0
13	2	1980	44	-5.56	-16.21	0.12
14	2	1980	45	-4.13	-16.51	0.69
15	2	1980	46	-0.81	-5.83	0.06
16	2	1980	47	-0.43	-7.01	0
17	2	1980	48	11.9	-1.95	0
18	2	1980	49	15.64	9.02	0.05
19	2	1980	50	21	10.19	0
20	2	1980	51	19.52	7.12	0
21	2	1980	52	19.64	6.07	0
22	2	1980	53	6.53	-0.38	0
23	2	1980	54	2.92	-2.13	0
24	2	1980	55	7.59	-2.08	0.53
25	2	1980	56	2.48	-2.9	0
26	2	1980	57	4.64	-3.3	0.02
27	2	1980	58	10.4	-0.37	0.29
28	2	1980	59	1.95	-10.55	0
29	2	1980	60	-0.09	-10.61	0
1	3	1980	61	2.92	-8.45	0
2	3	1980	62	7.93	-4.11	0
3	3	1980	63	4.86	0.62	0
4	3	1980	64	4.78	-3.32	0.18
5	3	1980	65	8.77	-3.03	0.12
6	3	1980	66	5.86	-2.53	0
7	3	1980	67	0.08	-9.59	0
8	3	1980	68	8.49	-8.69	0
9	3	1980	69	22.39	8.78	0.23
10	3	1980	70	21.25	3.76	0.92
11	3	1980	71	12.93	3.67	2.42
12	3	1980	72	22.36	6.48	1.16
13	3	1980	73	19.04	10.6	0
14	3	1980	74	17.27	6.76	0.01
15	3	1980	75	16.54	2.03	0
16	3	1980	76	9.3	-0.62	0
17	3	1980	77	14.85	1.07	1.27
18	3	1980	78	19.53	7.27	0.42
19	3	1980	79	17.44	2.21	0
20	3	1980	80	3.46	-8.84	0
21	3	1980	81	1.9	-7.93	0
22	3	1980	82	9.4	-4.97	0
23	3	1980	83	17.48	1.93	0
24	3	1980	84	17.46	3.71	0
25	3	1980	85	25.31	9.27	0.34
26	3	1980	86	22.59	4.33	0.09
27	3	1980	87	14.24	0.25	0
28	3	1980	88	20.94	3.93	0
29	3	1980	89	25.37	9.59	0
30	3	1980	90	27.24	10.64	0
31	3	1980	91	28.09	11.58	0
1	4	1980	92	26.25	9.2	0
2	4	1980	93	20.01	7.59	0
3	4	1980	94	26.05	10.61	0
4	4	1980	95	27.85	14.77	0
5	4	1980	96	23.84	14.98	0.99
6	4	1980	97	25.6	9.24	0.09
7	4	1980	98	25.41	11.97	0
8	4	1980	99	20.09	3.43	0
9	4	1980	100	9.31	-0.1	0
10	4	1980	101	14.05	1.35	0
11	4	1980	102	18.49	3.89	0
12	4	1980	103	23.52	8.36	0.01
13	4	1980	104	22.35	9.29	0.41
14	4	1980	105	25.4	5.55	0.31
15	4	1980	106	12.28	1.77	0.05
16	4	1980	107	7.98	1.84	0.08
17	4	1980	108	11.93	4.81	0
18	4	1980	109	21.55	7.8	1.86
19	4	1980	110	22.72	11.16	0.42
20	4	1980	111	17.16	6.55	0.46
21	4	1980	112	12.34	-1.85	0.1
22	4	1980	113	6.66	-3.82	0
23	4	1980	114	13.89	0.04	0
24	4	1980	115	21.89	6.04	0
25	4	1980	116	28.72	12.6	0
26	4	1980	117	30.42	13.51	0.12
27	4	1980	118	30.75	15.18	0
28	4	1980	119	23.13	8.56	0.02
29	4	1980	120	23.52	9.41	0
30	4	1980	121	29.44	14.22	0
1	5	1980	122	22.93	6.66	0
2	5	1980	123	17.56	1.92	0
3	5	1980	124	16.69	2.21	0
4	5	1980	125	22.37	8.58	0
5	5	1980	126	28.37	16.42	0
6	5	1980	127	29.02	17.18	0.87
7	5	1980	128	30.62	14.09	0.16
8	5	1980	129	26.99	10.74	0
9	5	1980	130	25.56	11.53	0
10	5	1980	131	28.15	16.03	0
11	5	1980	132	26.52	16.65	0.78
12	5	1980	133	22.71	16.63	1.72
13	5	1980	134	26.85	15.23	0.69
14	5	1980	135	23.88	15.62	0.1
15	5	1980	136	26.59	17.59	0
16	5	1980	137	28.08	17.55	0
17	5	1980	138	29.54	19.77	0.09
18	5	1980	139	24.34	14.08	0.02
19	5	1980	140	16.73	9.82	0
20	5	1980	141	12.8	5.71	0
21	5	1980	142	16.16	5.56	0
22	5	1980	143	21.24	10.57	0
23	5	1980	144	20.66	11.37	0
24	5	1980	145	25.84	15.24	0.37
25	5	1980	146	23.43	15.68	1.75
26	5	1980	147	21.87	17.38	0.78
27	5	1980	148	25.38	18.03	1.28
28	5	1980	149	25.48	18.69	0.03
29	5	1980	150	28.41	15.44	0
30	5	1980	151	27.84	17	0
31	5	1980	152	29.18	16.77	0
1	6	1980	153	29.21	17.51	0.11
2	6	1980	154	20.42	10.35	0
3	6	1980	155	27.05	13.04	0
4	6	1980	156	24.69	18.55	0.2
5	6	1980	157	27.46	20.11	0.59
6	6	1980	158	28.54	19.73	1.13
7	6	1980	159	28.44	20.54	0.81
8	6	1980	160	30.29	20.13	0
9	6	1980	161	28.97	20.59	0.51
10	6	1980	162	29.25	21.89	0.1
11	6	1980	163	29.1	21.47	0.4
12	6	1980	164	26.88	15.66	0.06
13	6	1980	165	23.19	13.88	0
14	6	1980	166	29.54	16.84	0
15	6	1980	167	29.79	17.85	0
16	6	1980	168	30.94	19.11	0
17	6	1980	169	25.62	11.36	0
18	6	1980	170	25.99	11.85	0
19	6	1980	171	31.37	15.77	0
20	6	1980	172	31.51	17.04	0
21	6	1980	173	31.94	16.41	0
22	6	1980	174	33.96	19.9	0.01
23	6	1980	175	32.76	20.78	0
24	6	1980	176	29.86	12.4	0
25	6	1980	177	28.3	13.9	0
26	6	1980	178	30.05	16.83	0
27	6	1980	179	33.33	21.52	0
28	6	1980	180	31.27	19.96	0.24
29	6	1980	181	32.2	19.75	0
30	6	1980	182	33.07	21.01	5.76
1	7	1980	183	28.92	20.36	1.41
2	7	1980	184	24.68	14.31	0
3	7	1980	185	25.85	13.38	0
4	7	1980	186	29.53	17.57	0
5	7	1980	187	31.98	20.68	0
6	7	1980	188	33.13	21.16	0
7	7	1980	189	34.15	21.71	0
8	7	1980	190	34.13	23.04	2
9	7	1980	191	32.96	21.26	0.78
10	7	1980	192	29.42	20.41	0.92
11	7	1980	193	31.44	20.71	1.55
12	7	1980	194	29.38	20.84	0.36
13	7	1980	195	29.78	20.12	0
14	7	1980	196	30.23	19.87	1.02
15	7	1980	197	30.02	21.34	0
16	7	1980	198	32.99	22.58	0
17	7	1980	199	34.23	22.4	0
18	7	1980	200	34.15	22	0
19	7	1980	201	33.98	22.36	0
20	7	1980	202	34.04	21.13	0
21	7	1980	203	31.62	20.35	0
22	7	1980	204	31.57	19.52	0
23	7	1980	205	31.48	17.42	0
24	7	1980	206	33.19	21.24	0
25	7	1980	207	34.23	23.11	0
26	7	1980	208	33.94	21.97	0
27	7	1980	209	31.79	20.4	0
28	7	1980	210	32.86	21.77	0
29	7	1980	211	30.89	17.8	0
30	7	1980	212	30.54	16.78	0.29
31	7	1980	213	28.14	16.6	0.11
1	8	1980	214	31.32	16.84	0
2	8	1980	215	29.13	15.03	0
3	8	1980	216	28.7	14.22	0
4	8	1980	217	29.72	14.15	0
5	8	1980	218	31.83	17.77	0
6	8	1980	219	31.62	18.73	0.87
7	8	1980	220	30.03	19.21	0.18
8	8	1980	221	28.4	19.75	0
9	8	1980	222	29.93	20.39	1.04
10	8	1980	223	27.67	16.81	0.24
11	8	1980	224	27.64	14.48	0
12	8	1980	225	27.02	14.63	0
13	8	1980	226	29.8	17.49	0
14	8	1980	227	32.42	20.24	0
15	8	1980	228	32.81	20.75	0
16	8	1980	229	27.94	20.3	0.07
17	8	1980	230	27.83	18.7	0.06
18	8	1980	231	30.08	17.98	0.14
19	8	1980	232	29.87	17.72	0
20	8	1980	233	27.68	17.96	0
21	8	1980	234	31.06	18.77	0
22	8	1980	235	32.56	20.65	0.08
23	8	1980	236	31.44	14.33	0.05
24	8	1980	237	27.45	12.48	0
25	8	1980	238	29.72	15.03	1.29
26	8	1980	239	32.74	18.46	0.54
27	8	1980	240	24.77	10.88	0.03
28	8	1980	241	19.69	5.92	0
29	8	1980	242	21.91	7.93	0
30	8	1980	243	25.73	10.98	0
31	8	1980	244	25.78	15.69	0.2
1	9	1980	245	23.79	17.44	0.51
2	9	1980	246	25.53	16.8	0.3
3	9	1980	247	27.67	18.03	0
4	9	1980	248	28.43	19.15	0.16
5	9	1980	249	27.45	11.95	0
6	9	1980	250	26.51	12.96	0.05
7	9	1980	251	19.34	9.08	0
8	9	1980	252	22.92	8.93	0
9	9	1980	253	26.47	11.71	0
10	9	1980	254	28.27	18.21	1.32
11	9	1980	255	27.72	16.57	0.88
12	9	1980	256	23.12	10.42	0
13	9	1980	257	24.97	10.97	0
14	9	1980	258	26.8	13.95	0
15	9	1980	259	25.92	15.55	0
16	9	1980	260	21.75	9.77	0.04
17	9	1980	261	26.81	11.46	0.88
18	9	1980	262	24.35	18	0.82
19	9	1980	263	23.32	17.9	0.4
20	9	1980	264	28.85	16.78	0.13
21	9	1980	265	28.64	17.43	0
22	9	1980	266	29.99	19.36	0
23	9	1980	267	26.58	19.59	0.38
24	9	1980	268	29.23	20.17	0
25	9	1980	269	30.28	20.46	0.09
26	9	1980	270	30.87	19.94	0.34
27	9	1980	271	29.95	19.33	0.17
28	9	1980	272	31.5	20.64	0
29	9	1980	273	31.25	21.23	0
30	9	1980	274	29.78	20.15	0.71
1	10	1980	275	27.46	17.65	0.2
2	10	1980	276	27.32	18.43	0
3	10	1980	277	28.99	21.56	0.7
4	10	1980	278	28.62	15.59	0.44
5	10	1980	279	19.47	8.91	0
6	10	1980	280	16.5	3.59	0
7	10	1980	281	18.31	4.97	0
8	10	1980	282	22.41	6.11	0
9	10	1980	283	23.53	9.02	0
10	10	1980	284	18.79	9.43	0
11	10	1980	285	21.86	13	0.44
12	10	1980	286	20.14	13.9	0.44
13	10	1980	287	19.15	7.26	0.11
14	10	1980	288	11.36	0.88	0
15	10	1980	289	14.56	1.85	0
16	10	1980	290	15.86	4.07	0
17	10	1980	291	18.05	3.86	0
18	10	1980	292	17.66	1.74	0
19	10	1980	293	18.27	1.05	0
20	10	1980	294	19.8	2.79	0
21	10	1980	295	22.24	5.79	0
22	10	1980	296	23.07	9.74	0
23	10	1980	297	20.32	12.23	1.37
24	10	1980	298	17.71	12.57	1.19
25	10	1980	299	18.49	12.4	0.34
26	10	1980	300	18.16	10.27	0.1
27	10	1980	301	12.37	7.76	0
28	10	1980	302	19.19	7.18	0
29	10	1980	303	20.9	6.86	0
30	10	1980	304	17.1	5.93	0
31	10	1980	305	22.41	7.1	0
1	11	1980	306	21.41	8.72	0
2	11	1980	307	13.17	7.63	0
3	11	1980	308	13.4	7.72	0.81
4	11	1980	309	11.48	8.51	2.01
5	11	1980	310	12.04	8.7	0.88
6	11	1980	311	13.68	9.08	3.11
7	11	1980	312	17.86	11.94	1.83
8	11	1980	313	18.47	10.16	0.7
9	11	1980	314	14.75	-0.03	0.93
10	11	1980	315	8.74	0.49	0.84
11	11	1980	316	6.04	0.7	0.06
12	11	1980	317	8.76	-6.75	0
13	11	1980	318	-2.47	-9.58	0.17
14	11	1980	319	4.81	-9.31	0.04
15	11	1980	320	5.77	1.2	0
16	11	1980	321	9.74	4.52	0
17	11	1980	322	13.04	5.43	0
18	11	1980	323	14.38	1.32	0.07
19	11	1980	324	7.53	1.6	0.45
20	11	1980	325	9.98	1.75	0.14
21	11	1980	326	5.22	-1.5	0.12
22	11	1980	327	11.39	-1.06	0.03
23	11	1980	328	12.78	4.59	0.08
24	11	1980	329	6.79	0.67	3.54
25	11	1980	330	15.39	2.66	1.7
26	11	1980	331	15.92	5.62	0.06
27	11	1980	332	6.72	3.26	0
28	11	1980	333	6.67	3.57	0
29	11	1980	334	9.41	1.11	0
30	11	1980	335	12.27	2.02	2.36
1	12	1980	336	7.24	3.59	1.24
2	12	1980	337	9.43	4.31	0.12
3	12	1980	338	5.07	-2.51	0
4	12	1980	339	5.56	-5.41	0
5	12	1980	340	3.34	-6.17	0
6	12	1980	341	9.42	-5.3	0.1
7	12	1980	342	10.95	1.94	1.99
8	12	1980	343	13.85	5.58	1.66
9	12	1980	344	15.19	-0.27	0.24
10	12	1980	345	0.49	-3.96	0
11	12	1980	346	3.31	-3.11	0
12	12	1980	347	3.62	-8.49	0
13	12	1980	348	-0.88	-9.91	0
14	12	1980	349	6.99	-6.11	0
15	12	1980	350	10.11	-2.56	0
16	12	1980	351	9.69	2.5	0
17	12	1980	352	10.8	2.75	0
18	12	1980	353	3.32	-0.82	0
19	12	1980	354	2.65	-5.89	0
20	12	1980	355	1.85	-6.67	0
21	12	1980	356	4.3	-6.9	0
22	12	1980	357	5.04	-6.8	0.88
23	12	1980	358	5.63	-5.79	0.57
24	12	1980	359	9.25	1.57	0.04
25	12	1980	360	4.48	1.16	0
26	12	1980	361	2.97	0.2	0
27	12	1980	362	2.46	-0.6	0
28	12	1980	363	2.09	-3.86	0
29	12	1980	364	5.52	-3.32	0
30	12	1980	365	2.49	0.13	0
31	12	1980	366	4.07	-2.05	0.05
