  0.0   2.0  1.12  0.46243  0.23059  0.80  0.01  0.09  0.47  0.01  0.18  0.00018  6.80
  2.0   5.0  1.12  0.46243  0.23059  0.20  0.04  0.09  0.47  0.01  0.14  0.00018  6.80
  5.0  10.0  1.12  0.46243  0.23059  0.00  0.25  0.09  0.47  0.01  0.09  0.00018  6.80
 10.0  20.0  1.12  0.46243  0.23059  0.00  0.30  0.09  0.47  0.01  0.02  0.00018  6.80
 20.0  30.0  1.12  0.46243  0.23059  0.00  0.10  0.09  0.47  0.01  0.00  0.00018  6.80
 30.0  45.0  1.12  0.46243  0.23059  0.00  0.05  0.09  0.47  0.01  0.00  0.00018  6.80
 45.0  60.0  1.12  0.46243  0.23059  0.00  0.04  0.09  0.47  0.01  0.00  0.00018  6.80
 60.0  75.0  1.12  0.46243  0.23059  0.00  0.03  0.09  0.47  0.01  0.00  0.00018  6.80
 75.0  90.0  1.12  0.46243  0.23059  0.00  0.02  0.09  0.47  0.01  0.00  0.00018  6.80
 90.0 105.0  1.12  0.46243  0.23059  0.00  0.01  0.09  0.47  0.01  0.00  0.00018  6.80
105.0 120.0  1.12  0.46243  0.23059  0.00  0.00  0.09  0.47  0.01  0.00  0.00018  6.80
120.0 150.0  1.12  0.46243  0.23059  0.00  0.00  0.09  0.47  0.01  0.00  0.00018  6.80
150.0 180.0  1.12  0.46243  0.23059  0.00  0.00  0.09  0.47  0.01  0.00  0.00018  6.80
180.0 210.0  1.12  0.46243  0.23059  0.00  0.00  0.09  0.47  0.01  0.00  0.00018  6.80
