  0.0   2.0  1.24  0.32390  0.10963  0.80  0.01  0.18  0.22  0.01  0.09  0.00065  6.60
  2.0   5.0  1.24  0.32390  0.10963  0.20  0.04  0.18  0.22  0.01  0.07  0.00065  6.60
  5.0  10.0  1.24  0.32390  0.10963  0.00  0.25  0.18  0.22  0.01  0.04  0.00065  6.60
 10.0  20.0  1.24  0.32390  0.10963  0.00  0.30  0.18  0.22  0.01  0.01  0.00065  6.60
 20.0  30.0  1.24  0.32390  0.10963  0.00  0.10  0.18  0.22  0.01  0.00  0.00065  6.60
 30.0  45.0  1.24  0.32390  0.10963  0.00  0.05  0.18  0.22  0.01  0.00  0.00065  6.60
 45.0  60.0  1.24  0.32390  0.10963  0.00  0.04  0.18  0.22  0.01  0.00  0.00065  6.60
 60.0  75.0  1.24  0.32390  0.10963  0.00  0.03  0.18  0.22  0.01  0.00  0.00065  6.60
 75.0  90.0  1.24  0.32390  0.10963  0.00  0.02  0.18  0.22  0.01  0.00  0.00065  6.60
 90.0 105.0  1.24  0.32390  0.10963  0.00  0.01  0.18  0.22  0.01  0.00  0.00065  6.60
105.0 120.0  1.24  0.32390  0.10963  0.00  0.00  0.18  0.22  0.01  0.00  0.00065  6.60
120.0 150.0  1.24  0.32390  0.10963  0.00  0.00  0.18  0.22  0.01  0.00  0.00065  6.60
150.0 180.0  1.24  0.32390  0.10963  0.00  0.00  0.18  0.22  0.01  0.00  0.00065  6.60
180.0 210.0  1.24  0.32390  0.10963  0.00  0.00  0.18  0.22  0.01  0.00  0.00065  6.60
