  0.0   2.0  1.19  0.36637  0.14078  0.80  0.01  0.10  0.30  0.01  0.11  0.00039  6.56
  2.0   5.0  1.19  0.36637  0.14078  0.20  0.04  0.10  0.30  0.01  0.08  0.00039  6.56
  5.0  10.0  1.19  0.36637  0.14078  0.00  0.25  0.10  0.30  0.01  0.06  0.00039  6.56
 10.0  20.0  1.19  0.36637  0.14078  0.00  0.30  0.10  0.30  0.01  0.01  0.00039  6.56
 20.0  30.0  1.19  0.36637  0.14078  0.00  0.10  0.10  0.30  0.01  0.00  0.00039  6.56
 30.0  45.0  1.19  0.36637  0.14078  0.00  0.05  0.10  0.30  0.01  0.00  0.00039  6.56
 45.0  60.0  1.19  0.36637  0.14078  0.00  0.04  0.10  0.30  0.01  0.00  0.00039  6.56
 60.0  75.0  1.19  0.36637  0.14078  0.00  0.03  0.10  0.30  0.01  0.00  0.00039  6.56
 75.0  90.0  1.19  0.36637  0.14078  0.00  0.02  0.10  0.30  0.01  0.00  0.00039  6.56
 90.0 105.0  1.19  0.36637  0.14078  0.00  0.01  0.10  0.30  0.01  0.00  0.00039  6.56
105.0 120.0  1.19  0.36637  0.14078  0.00  0.00  0.10  0.30  0.01  0.00  0.00039  6.56
120.0 150.0  1.19  0.36637  0.14078  0.00  0.00  0.10  0.30  0.01  0.00  0.00039  6.56
150.0 180.0  1.19  0.36637  0.14078  0.00  0.00  0.10  0.30  0.01  0.00  0.00039  6.56
180.0 210.0  1.19  0.36637  0.14078  0.00  0.00  0.10  0.30  0.01  0.00  0.00039  6.56
