  0.0   2.0  1.22  0.33830  0.11208  0.80  0.01  0.07  0.23  0.01  0.09  0.00072  6.00
  2.0   5.0  1.22  0.33830  0.11208  0.20  0.04  0.07  0.23  0.01  0.07  0.00072  6.00
  5.0  10.0  1.22  0.33830  0.11208  0.00  0.25  0.07  0.23  0.01  0.04  0.00072  6.00
 10.0  20.0  1.22  0.33830  0.11208  0.00  0.30  0.07  0.23  0.01  0.01  0.00072  6.00
 20.0  30.0  1.22  0.33830  0.11208  0.00  0.10  0.07  0.23  0.01  0.00  0.00072  6.00
 30.0  45.0  1.22  0.33830  0.11208  0.00  0.05  0.07  0.23  0.01  0.00  0.00072  6.00
 45.0  60.0  1.22  0.33830  0.11208  0.00  0.04  0.07  0.23  0.01  0.00  0.00072  6.00
 60.0  75.0  1.22  0.33830  0.11208  0.00  0.03  0.07  0.23  0.01  0.00  0.00072  6.00
 75.0  90.0  1.22  0.33830  0.11208  0.00  0.02  0.07  0.23  0.01  0.00  0.00072  6.00
 90.0 105.0  1.22  0.33830  0.11208  0.00  0.01  0.07  0.23  0.01  0.00  0.00072  6.00
105.0 120.0  1.22  0.33830  0.11208  0.00  0.00  0.07  0.23  0.01  0.00  0.00072  6.00
120.0 150.0  1.22  0.33830  0.11208  0.00  0.00  0.07  0.23  0.01  0.00  0.00072  6.00
150.0 180.0  1.22  0.33830  0.11208  0.00  0.00  0.07  0.23  0.01  0.00  0.00072  6.00
180.0 210.0  1.22  0.33830  0.11208  0.00  0.00  0.07  0.23  0.01  0.00  0.00072  6.00
