  0.0   2.0  1.17  0.38649  0.16504  0.80  0.01  0.15  0.35  0.01  0.13  0.00026  6.70
  2.0   5.0  1.17  0.38649  0.16504  0.20  0.04  0.15  0.35  0.01  0.10  0.00026  6.70
  5.0  10.0  1.17  0.38649  0.16504  0.00  0.25  0.15  0.35  0.01  0.07  0.00026  6.70
 10.0  20.0  1.17  0.38649  0.16504  0.00  0.30  0.15  0.35  0.01  0.02  0.00026  6.70
 20.0  30.0  1.17  0.38649  0.16504  0.00  0.10  0.15  0.35  0.01  0.00  0.00026  6.70
 30.0  45.0  1.17  0.38649  0.16504  0.00  0.05  0.15  0.35  0.01  0.00  0.00026  6.70
 45.0  60.0  1.17  0.38649  0.16504  0.00  0.04  0.15  0.35  0.01  0.00  0.00026  6.70
 60.0  75.0  1.17  0.38649  0.16504  0.00  0.03  0.15  0.35  0.01  0.00  0.00026  6.70
 75.0  90.0  1.17  0.38649  0.16504  0.00  0.02  0.15  0.35  0.01  0.00  0.00026  6.70
 90.0 105.0  1.17  0.38649  0.16504  0.00  0.01  0.15  0.35  0.01  0.00  0.00026  6.70
105.0 120.0  1.17  0.38649  0.16504  0.00  0.00  0.15  0.35  0.01  0.00  0.00026  6.70
120.0 150.0  1.17  0.38649  0.16504  0.00  0.00  0.15  0.35  0.01  0.00  0.00026  6.70
150.0 180.0  1.17  0.38649  0.16504  0.00  0.00  0.15  0.35  0.01  0.00  0.00026  6.70
180.0 210.0  1.17  0.38649  0.16504  0.00  0.00  0.15  0.35  0.01  0.00  0.00026  6.70
