  0.0   2.0  1.26  0.30186  0.13663  0.80  0.01  0.44  0.28  0.01  0.11  0.00025  7.40
  2.0   5.0  1.26  0.30186  0.13663  0.20  0.04  0.44  0.28  0.01  0.08  0.00025  7.40
  5.0  10.0  1.26  0.30186  0.13663  0.00  0.25  0.44  0.28  0.01  0.05  0.00025  7.40
 10.0  20.0  1.26  0.30186  0.13663  0.00  0.30  0.44  0.28  0.01  0.01  0.00025  7.40
 20.0  30.0  1.26  0.30186  0.13663  0.00  0.10  0.44  0.28  0.01  0.00  0.00025  7.40
 30.0  45.0  1.26  0.30186  0.13663  0.00  0.05  0.44  0.28  0.01  0.00  0.00025  7.40
 45.0  60.0  1.26  0.30186  0.13663  0.00  0.04  0.44  0.28  0.01  0.00  0.00025  7.40
 60.0  75.0  1.26  0.30186  0.13663  0.00  0.03  0.44  0.28  0.01  0.00  0.00025  7.40
 75.0  90.0  1.26  0.30186  0.13663  0.00  0.02  0.44  0.28  0.01  0.00  0.00025  7.40
 90.0 105.0  1.26  0.30186  0.13663  0.00  0.01  0.44  0.28  0.01  0.00  0.00025  7.40
105.0 120.0  1.26  0.30186  0.13663  0.00  0.00  0.44  0.28  0.01  0.00  0.00025  7.40
120.0 150.0  1.26  0.30186  0.13663  0.00  0.00  0.44  0.28  0.01  0.00  0.00025  7.40
150.0 180.0  1.26  0.30186  0.13663  0.00  0.00  0.44  0.28  0.01  0.00  0.00025  7.40
180.0 210.0  1.26  0.30186  0.13663  0.00  0.00  0.44  0.28  0.01  0.00  0.00025  7.40
