  0.0   2.0  1.14  0.46077  0.25578  0.80  0.01  0.26  0.53  0.01  0.20  0.00011  7.90
  2.0   5.0  1.14  0.46077  0.25578  0.20  0.04  0.26  0.53  0.01  0.15  0.00011  7.90
  5.0  10.0  1.14  0.46077  0.25578  0.00  0.25  0.26  0.53  0.01  0.10  0.00011  7.90
 10.0  20.0  1.14  0.46077  0.25578  0.00  0.30  0.26  0.53  0.01  0.03  0.00011  7.90
 20.0  30.0  1.14  0.46077  0.25578  0.00  0.10  0.26  0.53  0.01  0.00  0.00011  7.90
 30.0  45.0  1.14  0.46077  0.25578  0.00  0.05  0.26  0.53  0.01  0.00  0.00011  7.90
 45.0  60.0  1.14  0.46077  0.25578  0.00  0.04  0.26  0.53  0.01  0.00  0.00011  7.90
 60.0  75.0  1.14  0.46077  0.25578  0.00  0.03  0.26  0.53  0.01  0.00  0.00011  7.90
 75.0  90.0  1.14  0.46077  0.25578  0.00  0.02  0.26  0.53  0.01  0.00  0.00011  7.90
 90.0 105.0  1.14  0.46077  0.25578  0.00  0.01  0.26  0.53  0.01  0.00  0.00011  7.90
105.0 120.0  1.14  0.46077  0.25578  0.00  0.00  0.26  0.53  0.01  0.00  0.00011  7.90
120.0 150.0  1.14  0.46077  0.25578  0.00  0.00  0.26  0.53  0.01  0.00  0.00011  7.90
150.0 180.0  1.14  0.46077  0.25578  0.00  0.00  0.26  0.53  0.01  0.00  0.00011  7.90
180.0 210.0  1.14  0.46077  0.25578  0.00  0.00  0.26  0.53  0.01  0.00  0.00011  7.90
