  0.0   2.0  1.22  0.33649  0.16098  0.80  0.01  0.39  0.34  0.01  0.13  0.00017  7.70
  2.0   5.0  1.22  0.33649  0.16098  0.20  0.04  0.39  0.34  0.01  0.10  0.00017  7.70
  5.0  10.0  1.22  0.33649  0.16098  0.00  0.25  0.39  0.34  0.01  0.06  0.00017  7.70
 10.0  20.0  1.22  0.33649  0.16098  0.00  0.30  0.39  0.34  0.01  0.02  0.00017  7.70
 20.0  30.0  1.22  0.33649  0.16098  0.00  0.10  0.39  0.34  0.01  0.00  0.00017  7.70
 30.0  45.0  1.22  0.33649  0.16098  0.00  0.05  0.39  0.34  0.01  0.00  0.00017  7.70
 45.0  60.0  1.22  0.33649  0.16098  0.00  0.04  0.39  0.34  0.01  0.00  0.00017  7.70
 60.0  75.0  1.22  0.33649  0.16098  0.00  0.03  0.39  0.34  0.01  0.00  0.00017  7.70
 75.0  90.0  1.22  0.33649  0.16098  0.00  0.02  0.39  0.34  0.01  0.00  0.00017  7.70
 90.0 105.0  1.22  0.33649  0.16098  0.00  0.01  0.39  0.34  0.01  0.00  0.00017  7.70
105.0 120.0  1.22  0.33649  0.16098  0.00  0.00  0.39  0.34  0.01  0.00  0.00017  7.70
120.0 150.0  1.22  0.33649  0.16098  0.00  0.00  0.39  0.34  0.01  0.00  0.00017  7.70
150.0 180.0  1.22  0.33649  0.16098  0.00  0.00  0.39  0.34  0.01  0.00  0.00017  7.70
180.0 210.0  1.22  0.33649  0.16098  0.00  0.00  0.39  0.34  0.01  0.00  0.00017  7.70
