  0.0   2.0  1.25  0.32172  0.10289  0.80  0.01  0.15  0.20  0.01  0.08  0.00082  6.60
  2.0   5.0  1.25  0.32172  0.10289  0.20  0.04  0.15  0.20  0.01  0.06  0.00082  6.60
  5.0  10.0  1.25  0.32172  0.10289  0.00  0.25  0.15  0.20  0.01  0.04  0.00082  6.60
 10.0  20.0  1.25  0.32172  0.10289  0.00  0.30  0.15  0.20  0.01  0.01  0.00082  6.60
 20.0  30.0  1.25  0.32172  0.10289  0.00  0.10  0.15  0.20  0.01  0.00  0.00082  6.60
 30.0  45.0  1.25  0.32172  0.10289  0.00  0.05  0.15  0.20  0.01  0.00  0.00082  6.60
 45.0  60.0  1.25  0.32172  0.10289  0.00  0.04  0.15  0.20  0.01  0.00  0.00082  6.60
 60.0  75.0  1.25  0.32172  0.10289  0.00  0.03  0.15  0.20  0.01  0.00  0.00082  6.60
 75.0  90.0  1.25  0.32172  0.10289  0.00  0.02  0.15  0.20  0.01  0.00  0.00082  6.60
 90.0 105.0  1.25  0.32172  0.10289  0.00  0.01  0.15  0.20  0.01  0.00  0.00082  6.60
105.0 120.0  1.25  0.32172  0.10289  0.00  0.00  0.15  0.20  0.01  0.00  0.00082  6.60
120.0 150.0  1.25  0.32172  0.10289  0.00  0.00  0.15  0.20  0.01  0.00  0.00082  6.60
150.0 180.0  1.25  0.32172  0.10289  0.00  0.00  0.15  0.20  0.01  0.00  0.00082  6.60
180.0 210.0  1.25  0.32172  0.10289  0.00  0.00  0.15  0.20  0.01  0.00  0.00082  6.60
