  0.0   2.0  1.15  0.44010  0.23941  0.80  0.01  0.28  0.50  0.01  0.19  0.00011  5.35
  2.0   5.0  1.15  0.44010  0.23941  0.20  0.04  0.28  0.50  0.01  0.14  0.00011  5.35
  5.0  10.0  1.15  0.44010  0.23941  0.00  0.25  0.28  0.50  0.01  0.10  0.00011  5.35
 10.0  20.0  1.15  0.44010  0.23941  0.00  0.30  0.28  0.50  0.01  0.02  0.00011  5.35
 20.0  30.0  1.15  0.44010  0.23941  0.00  0.10  0.28  0.50  0.01  0.00  0.00011  5.35
 30.0  45.0  1.15  0.44010  0.23941  0.00  0.05  0.28  0.50  0.01  0.00  0.00011  5.35
 45.0  60.0  1.15  0.44010  0.23941  0.00  0.04  0.28  0.50  0.01  0.00  0.00011  5.35
 60.0  75.0  1.15  0.44010  0.23941  0.00  0.03  0.28  0.50  0.01  0.00  0.00011  5.35
 75.0  90.0  1.15  0.44010  0.23941  0.00  0.02  0.28  0.50  0.01  0.00  0.00011  5.35
 90.0 105.0  1.15  0.44010  0.23941  0.00  0.01  0.28  0.50  0.01  0.00  0.00011  5.35
105.0 120.0  1.15  0.44010  0.23941  0.00  0.00  0.28  0.50  0.01  0.00  0.00011  5.35
120.0 150.0  1.15  0.44010  0.23941  0.00  0.00  0.28  0.50  0.01  0.00  0.00011  5.35
150.0 180.0  1.15  0.44010  0.23941  0.00  0.00  0.28  0.50  0.01  0.00  0.00011  5.35
180.0 210.0  1.15  0.44010  0.23941  0.00  0.00  0.28  0.50  0.01  0.00  0.00011  5.35
