  0.0   2.0  1.35  0.23427  0.10729  0.80  0.01  0.67  0.19  0.01  0.09  0.00052  7.10
  2.0   5.0  1.35  0.23427  0.10729  0.20  0.04  0.67  0.19  0.01  0.06  0.00052  7.10
  5.0  10.0  1.35  0.23427  0.10729  0.00  0.25  0.67  0.19  0.01  0.04  0.00052  7.10
 10.0  20.0  1.35  0.23427  0.10729  0.00  0.30  0.67  0.19  0.01  0.01  0.00052  7.10
 20.0  30.0  1.35  0.23427  0.10729  0.00  0.10  0.67  0.19  0.01  0.00  0.00052  7.10
 30.0  45.0  1.35  0.23427  0.10729  0.00  0.05  0.67  0.19  0.01  0.00  0.00052  7.10
 45.0  60.0  1.35  0.23427  0.10729  0.00  0.04  0.67  0.19  0.01  0.00  0.00052  7.10
 60.0  75.0  1.35  0.23427  0.10729  0.00  0.03  0.67  0.19  0.01  0.00  0.00052  7.10
 75.0  90.0  1.35  0.23427  0.10729  0.00  0.02  0.67  0.19  0.01  0.00  0.00052  7.10
 90.0 105.0  1.35  0.23427  0.10729  0.00  0.01  0.67  0.19  0.01  0.00  0.00052  7.10
105.0 120.0  1.35  0.23427  0.10729  0.00  0.00  0.67  0.19  0.01  0.00  0.00052  7.10
120.0 150.0  1.35  0.23427  0.10729  0.00  0.00  0.67  0.19  0.01  0.00  0.00052  7.10
150.0 180.0  1.35  0.23427  0.10729  0.00  0.00  0.67  0.19  0.01  0.00  0.00052  7.10
180.0 210.0  1.35  0.23427  0.10729  0.00  0.00  0.67  0.19  0.01  0.00  0.00052  7.10
