  0.0   2.0  1.18  0.37379  0.14528  0.80  0.01  0.07  0.31  0.01  0.12  0.00039  6.50
  2.0   5.0  1.18  0.37379  0.14528  0.20  0.04  0.07  0.31  0.01  0.09  0.00039  6.50
  5.0  10.0  1.18  0.37379  0.14528  0.00  0.25  0.07  0.31  0.01  0.06  0.00039  6.50
 10.0  20.0  1.18  0.37379  0.14528  0.00  0.30  0.07  0.31  0.01  0.01  0.00039  6.50
 20.0  30.0  1.18  0.37379  0.14528  0.00  0.10  0.07  0.31  0.01  0.00  0.00039  6.50
 30.0  45.0  1.18  0.37379  0.14528  0.00  0.05  0.07  0.31  0.01  0.00  0.00039  6.50
 45.0  60.0  1.18  0.37379  0.14528  0.00  0.04  0.07  0.31  0.01  0.00  0.00039  6.50
 60.0  75.0  1.18  0.37379  0.14528  0.00  0.03  0.07  0.31  0.01  0.00  0.00039  6.50
 75.0  90.0  1.18  0.37379  0.14528  0.00  0.02  0.07  0.31  0.01  0.00  0.00039  6.50
 90.0 105.0  1.18  0.37379  0.14528  0.00  0.01  0.07  0.31  0.01  0.00  0.00039  6.50
105.0 120.0  1.18  0.37379  0.14528  0.00  0.00  0.07  0.31  0.01  0.00  0.00039  6.50
120.0 150.0  1.18  0.37379  0.14528  0.00  0.00  0.07  0.31  0.01  0.00  0.00039  6.50
150.0 180.0  1.18  0.37379  0.14528  0.00  0.00  0.07  0.31  0.01  0.00  0.00039  6.50
180.0 210.0  1.18  0.37379  0.14528  0.00  0.00  0.07  0.31  0.01  0.00  0.00039  6.50
