  0.0   2.0  1.26  0.30336  0.12898  0.80  0.01  0.39  0.26  0.01  0.10  0.00032  7.60
  2.0   5.0  1.26  0.30336  0.12898  0.20  0.04  0.39  0.26  0.01  0.08  0.00032  7.60
  5.0  10.0  1.26  0.30336  0.12898  0.00  0.25  0.39  0.26  0.01  0.05  0.00032  7.60
 10.0  20.0  1.26  0.30336  0.12898  0.00  0.30  0.39  0.26  0.01  0.01  0.00032  7.60
 20.0  30.0  1.26  0.30336  0.12898  0.00  0.10  0.39  0.26  0.01  0.00  0.00032  7.60
 30.0  45.0  1.26  0.30336  0.12898  0.00  0.05  0.39  0.26  0.01  0.00  0.00032  7.60
 45.0  60.0  1.26  0.30336  0.12898  0.00  0.04  0.39  0.26  0.01  0.00  0.00032  7.60
 60.0  75.0  1.26  0.30336  0.12898  0.00  0.03  0.39  0.26  0.01  0.00  0.00032  7.60
 75.0  90.0  1.26  0.30336  0.12898  0.00  0.02  0.39  0.26  0.01  0.00  0.00032  7.60
 90.0 105.0  1.26  0.30336  0.12898  0.00  0.01  0.39  0.26  0.01  0.00  0.00032  7.60
105.0 120.0  1.26  0.30336  0.12898  0.00  0.00  0.39  0.26  0.01  0.00  0.00032  7.60
120.0 150.0  1.26  0.30336  0.12898  0.00  0.00  0.39  0.26  0.01  0.00  0.00032  7.60
150.0 180.0  1.26  0.30336  0.12898  0.00  0.00  0.39  0.26  0.01  0.00  0.00032  7.60
180.0 210.0  1.26  0.30336  0.12898  0.00  0.00  0.39  0.26  0.01  0.00  0.00032  7.60
