  0.0   2.0  1.18  0.38735  0.17501  0.80  0.01  0.21  0.37  0.01  0.14  0.00020  6.24
  2.0   5.0  1.18  0.38735  0.17501  0.20  0.04  0.21  0.37  0.01  0.11  0.00020  6.24
  5.0  10.0  1.18  0.38735  0.17501  0.00  0.25  0.21  0.37  0.01  0.07  0.00020  6.24
 10.0  20.0  1.18  0.38735  0.17501  0.00  0.30  0.21  0.37  0.01  0.02  0.00020  6.24
 20.0  30.0  1.18  0.38735  0.17501  0.00  0.10  0.21  0.37  0.01  0.00  0.00020  6.24
 30.0  45.0  1.18  0.38735  0.17501  0.00  0.05  0.21  0.37  0.01  0.00  0.00020  6.24
 45.0  60.0  1.18  0.38735  0.17501  0.00  0.04  0.21  0.37  0.01  0.00  0.00020  6.24
 60.0  75.0  1.18  0.38735  0.17501  0.00  0.03  0.21  0.37  0.01  0.00  0.00020  6.24
 75.0  90.0  1.18  0.38735  0.17501  0.00  0.02  0.21  0.37  0.01  0.00  0.00020  6.24
 90.0 105.0  1.18  0.38735  0.17501  0.00  0.01  0.21  0.37  0.01  0.00  0.00020  6.24
105.0 120.0  1.18  0.38735  0.17501  0.00  0.00  0.21  0.37  0.01  0.00  0.00020  6.24
120.0 150.0  1.18  0.38735  0.17501  0.00  0.00  0.21  0.37  0.01  0.00  0.00020  6.24
150.0 180.0  1.18  0.38735  0.17501  0.00  0.00  0.21  0.37  0.01  0.00  0.00020  6.24
180.0 210.0  1.18  0.38735  0.17501  0.00  0.00  0.21  0.37  0.01  0.00  0.00020  6.24
