  0.0   2.0  1.34  0.26125  0.09153  0.80  0.01  0.44  0.15  0.01  0.07  0.00098  7.10
  2.0   5.0  1.34  0.26125  0.09153  0.20  0.04  0.44  0.15  0.01  0.05  0.00098  7.10
  5.0  10.0  1.34  0.26125  0.09153  0.00  0.25  0.44  0.15  0.01  0.04  0.00098  7.10
 10.0  20.0  1.34  0.26125  0.09153  0.00  0.30  0.44  0.15  0.01  0.01  0.00098  7.10
 20.0  30.0  1.34  0.26125  0.09153  0.00  0.10  0.44  0.15  0.01  0.00  0.00098  7.10
 30.0  45.0  1.34  0.26125  0.09153  0.00  0.05  0.44  0.15  0.01  0.00  0.00098  7.10
 45.0  60.0  1.34  0.26125  0.09153  0.00  0.04  0.44  0.15  0.01  0.00  0.00098  7.10
 60.0  75.0  1.34  0.26125  0.09153  0.00  0.03  0.44  0.15  0.01  0.00  0.00098  7.10
 75.0  90.0  1.34  0.26125  0.09153  0.00  0.02  0.44  0.15  0.01  0.00  0.00098  7.10
 90.0 105.0  1.34  0.26125  0.09153  0.00  0.01  0.44  0.15  0.01  0.00  0.00098  7.10
105.0 120.0  1.34  0.26125  0.09153  0.00  0.00  0.44  0.15  0.01  0.00  0.00098  7.10
120.0 150.0  1.34  0.26125  0.09153  0.00  0.00  0.44  0.15  0.01  0.00  0.00098  7.10
150.0 180.0  1.34  0.26125  0.09153  0.00  0.00  0.44  0.15  0.01  0.00  0.00098  7.10
180.0 210.0  1.34  0.26125  0.09153  0.00  0.00  0.44  0.15  0.01  0.00  0.00098  7.10
