  0.0   2.0  1.12  0.32728  0.11309  0.80  0.01  0.18  0.23  0.01  0.09  0.00059  7.10
  2.0   5.0  1.12  0.32728  0.11309  0.20  0.04  0.18  0.23  0.01  0.07  0.00059  7.10
  5.0  10.0  1.12  0.32728  0.11309  0.00  0.25  0.18  0.23  0.01  0.05  0.00059  7.10
 10.0  20.0  1.12  0.32728  0.11309  0.00  0.30  0.18  0.23  0.01  0.01  0.00059  7.10
 20.0  30.0  1.12  0.32728  0.11309  0.00  0.10  0.18  0.23  0.01  0.00  0.00059  7.10
 30.0  45.0  1.12  0.32728  0.11309  0.00  0.05  0.18  0.23  0.01  0.00  0.00059  7.10
 45.0  60.0  1.12  0.32728  0.11309  0.00  0.04  0.18  0.23  0.01  0.00  0.00059  7.10
 60.0  75.0  1.12  0.32728  0.11309  0.00  0.03  0.18  0.23  0.01  0.00  0.00059  7.10
 75.0  90.0  1.12  0.32728  0.11309  0.00  0.02  0.18  0.23  0.01  0.00  0.00059  7.10
 90.0 105.0  1.12  0.32728  0.11309  0.00  0.01  0.18  0.23  0.01  0.00  0.00059  7.10
105.0 120.0  1.12  0.32728  0.11309  0.00  0.00  0.18  0.23  0.01  0.00  0.00059  7.10
120.0 150.0  1.12  0.32728  0.11309  0.00  0.00  0.18  0.23  0.01  0.00  0.00059  7.10
150.0 180.0  1.12  0.32728  0.11309  0.00  0.00  0.18  0.23  0.01  0.00  0.00059  7.10
180.0 210.0  1.12  0.32728  0.11309  0.00  0.00  0.18  0.23  0.01  0.00  0.00059  7.10
